INIT,0,18065510.318979360,0,0,0
LAUNCH,0,18065510.319478016,0,0,0
RUNTIME_ENTER,0,18065510.319480587,0,0,0
RUNTIME_LEAVE,0,18065510.319487162,0,0,0
ARRAY_ALLOCATE_ENTER,0,18065510.319490552,0,0,16
ARRAY_ALLOCATE_LEAVE,0,18065510.319491602,0,0,0
ARRAY_ALLOCATE_ENTER,0,18065510.319491945,0,0,8
ARRAY_ALLOCATE_LEAVE,0,18065510.319492389,0,0,0
ARRAY_ALLOCATE_ENTER,0,18065510.319492705,0,0,1
ARRAY_ALLOCATE_LEAVE,0,18065510.319493089,0,0,0
RUNTIME_ENTER,0,18065510.319494594,0,0,0
RUNTIME_LEAVE,0,18065510.319499560,0,0,0
ARRAY_ALLOCATE_ENTER,0,18065510.319501892,48,2,8
ARRAY_ALLOCATE_LEAVE,0,18065510.319502469,0,0,0
ARRAY_ALLOCATE_ENTER,0,18065510.319510732,0,33,1
ARRAY_ALLOCATE_LEAVE,0,18065510.319511089,0,0,0
ARRAY_ALLOCATE_ENTER,0,18065510.319512300,0,65,1
ARRAY_ALLOCATE_LEAVE,0,18065510.319512881,0,0,0
ARRAY_ALLOCATE_ENTER,0,18065510.319550533,0,4096,1
ARRAY_ALLOCATE_LEAVE,0,18065510.319558587,0,0,0
ARRAY_ALLOCATE_ENTER,0,18065510.319570143,0,8,8
ARRAY_ALLOCATE_LEAVE,0,18065510.319570728,0,0,0
THREAD_COPY,0,18065510.319572292,140577316208716,140577316254324,0
ARRAY_ALLOCATE_ENTER,0,18065510.319573265,0,8,4
ARRAY_ALLOCATE_LEAVE,0,18065510.319573846,0,0,0
ARRAY_ALLOCATE_ENTER,0,18065510.319574844,0,1,8
ARRAY_ALLOCATE_LEAVE,0,18065510.319575302,0,0,0
ARRAY_ALLOCATE_ENTER,0,18065510.319576155,0,8,0
ARRAY_ALLOCATE_LEAVE,0,18065510.319576725,0,0,0
ARRAY_ALLOCATE_ENTER,0,18065510.319577407,80,8,8
ARRAY_ALLOCATE_LEAVE,0,18065510.319577854,0,0,0
THREAD_COPY,0,18065510.319581546,140577316254324,140577316270156,0
RUNTIME_ENTER,0,18065510.319583461,0,0,0
RUNTIME_LEAVE,0,18065510.319584332,0,0,0
THREAD_COPY,0,18065510.319597092,140577316254324,140577314308172,0
RUNTIME_ENTER,0,18065510.319597915,0,0,0
RUNTIME_LEAVE,0,18065510.319598414,0,0,0
THREAD_COPY,0,18065510.319606710,140577316254324,140577314312268,0
RUNTIME_ENTER,0,18065510.319607656,0,0,0
RUNTIME_LEAVE,0,18065510.319608148,0,0,0
THREAD_COPY,0,18065510.319614612,140577316254324,140577314316364,0
RUNTIME_ENTER,0,18065510.319615413,0,0,0
RUNTIME_LEAVE,0,18065510.319615871,0,0,0
THREAD_COPY,0,18065510.319620308,140577316254324,140577314320460,0
RUNTIME_ENTER,0,18065510.319621030,0,0,0
RUNTIME_LEAVE,0,18065510.319621529,0,0,0
THREAD_COPY,0,18065510.319633696,140577316254324,140577314324556,0
RUNTIME_ENTER,0,18065510.319634441,0,0,0
RUNTIME_LEAVE,0,18065510.319634940,0,0,0
THREAD_COPY,0,18065510.319639508,140577316254324,140577314328652,0
RUNTIME_ENTER,0,18065510.319640227,0,0,0
RUNTIME_LEAVE,0,18065510.319640733,0,0,0
THREAD_COPY,0,18065510.319645304,140577316254324,140577314332748,0
RUNTIME_ENTER,0,18065510.319646083,0,0,0
RUNTIME_LEAVE,0,18065510.319646586,0,0,0
ARRAY_ALLOCATE_ENTER,0,18065510.319647670,0,8,8
ARRAY_ALLOCATE_LEAVE,0,18065510.319648243,0,0,0
ARRAY_ALLOCATE_ENTER,0,18065510.319649410,0,8,0
ARRAY_ALLOCATE_LEAVE,0,18065510.319649801,0,0,0
THREAD_COPY,0,18065510.319657922,140577316254324,140577314336844,0
RUNTIME_ENTER,0,18065510.319658656,0,0,0
RUNTIME_LEAVE,0,18065510.319659118,0,0,0
RUNTIME_ENTER,0,18065510.319659930,0,0,0
RUNTIME_LEAVE,0,18065510.319664139,0,0,0
THREAD_COPY,0,18065510.319667909,140577316254324,140577314345036,0
RUNTIME_ENTER,0,18065510.319668580,0,0,0
RUNTIME_LEAVE,0,18065510.319669042,0,0,0
THREAD_COPY,0,18065510.319673385,140577316254324,140577314349132,0
RUNTIME_ENTER,0,18065510.319674131,0,0,0
RUNTIME_LEAVE,0,18065510.319674596,0,0,0
THREAD_COPY,0,18065510.319679260,140577316254324,140577314353228,0
RUNTIME_ENTER,0,18065510.319680002,0,0,0
RUNTIME_LEAVE,0,18065510.319680482,0,0,0
THREAD_COPY,0,18065510.319688424,140577316254324,140577314357324,0
RUNTIME_ENTER,0,18065510.319689158,0,0,0
RUNTIME_LEAVE,0,18065510.319689617,0,0,0
THREAD_COPY,0,18065510.319694012,140577316254324,140577314361420,0
RUNTIME_ENTER,0,18065510.319694746,0,0,0
RUNTIME_LEAVE,0,18065510.319695234,0,0,0
THREAD_COPY,0,18065510.319701266,140577316254324,140577314365516,0
RUNTIME_ENTER,0,18065510.319701999,0,0,0
RUNTIME_LEAVE,0,18065510.319702506,0,0,0
THREAD_COPY,0,18065510.319710448,140577316254324,140577314369612,0
RUNTIME_ENTER,0,18065510.319711238,0,0,0
RUNTIME_LEAVE,0,18065510.319711722,0,0,0
ARRAY_ALLOCATE_ENTER,0,18065510.319714509,0,8,8
ARRAY_ALLOCATE_LEAVE,0,18065510.319715098,0,0,0
THREAD_COPY,0,18065510.319716100,140577316208716,140577314343236,0
ARRAY_ALLOCATE_ENTER,0,18065510.319716737,0,8,16
ARRAY_ALLOCATE_LEAVE,0,18065510.319717329,0,0,0
ARRAY_ALLOCATE_ENTER,0,18065510.319717921,0,255,8
ARRAY_ALLOCATE_LEAVE,0,18065510.319725566,0,0,0
ARRAY_ALLOCATE_ENTER,0,18065510.319729075,0,255,8
ARRAY_ALLOCATE_LEAVE,0,18065510.319736619,0,0,0
ARRAY_ALLOCATE_ENTER,0,18065510.319739398,0,255,8
ARRAY_ALLOCATE_LEAVE,0,18065510.319746971,0,0,0
ARRAY_ALLOCATE_ENTER,0,18065510.319749676,0,255,8
ARRAY_ALLOCATE_LEAVE,0,18065510.319756787,0,0,0
ARRAY_ALLOCATE_ENTER,0,18065510.319759689,0,255,8
ARRAY_ALLOCATE_LEAVE,0,18065510.319767304,0,0,0
ARRAY_ALLOCATE_ENTER,0,18065510.319770202,0,255,8
ARRAY_ALLOCATE_LEAVE,0,18065510.319788810,0,0,0
ARRAY_ALLOCATE_ENTER,0,18065510.319791794,0,255,8
ARRAY_ALLOCATE_LEAVE,0,18065510.319799591,0,0,0
ARRAY_ALLOCATE_ENTER,0,18065510.319802541,0,255,8
ARRAY_ALLOCATE_LEAVE,0,18065510.319817513,0,0,0
THREAD_COPY,0,18065510.319825862,140577316208716,140577241317980,0
THREAD_COPY,0,18065510.319826856,140577241317980,140577314435148,0
RUNTIME_ENTER,0,18065510.319829419,0,0,0
RUNTIME_LEAVE,0,18065510.319830384,0,0,0
RUNTIME_ENTER,0,18065510.319835257,0,0,0
RUNTIME_LEAVE,0,18065510.319925740,0,0,0
RUNTIME_ENTER,0,18065510.319927551,0,0,0
RUNTIME_LEAVE,0,18065510.320099775,0,0,0
RUNTIME_ENTER,0,18065510.320101339,0,0,0
RUNTIME_LEAVE,0,18065510.320172787,0,0,0
RUNTIME_ENTER,0,18065510.325068876,0,0,0
RUNTIME_LEAVE,0,18065510.325074580,0,0,0
RUNTIME_ENTER,0,18065510.329841938,0,0,0
RUNTIME_LEAVE,0,18065510.329846095,0,0,0
RUNTIME_ENTER,0,18065510.336009547,0,0,0
RUNTIME_LEAVE,0,18065510.336014550,0,0,0
RUNTIME_ENTER,0,18065510.341045555,0,0,0
RUNTIME_LEAVE,0,18065510.341052633,0,0,0
RUNTIME_ENTER,0,18065510.345062502,0,0,0
RUNTIME_LEAVE,0,18065510.345073137,0,0,0
RUNTIME_ENTER,0,18065510.349484064,0,0,0
RUNTIME_LEAVE,0,18065510.349493574,0,0,0
RUNTIME_ENTER,0,18065510.353590641,0,0,0
RUNTIME_LEAVE,0,18065510.353596561,0,0,0
RUNTIME_ENTER,0,18065510.357552797,0,0,0
RUNTIME_LEAVE,0,18065510.357561741,0,0,0
RUNTIME_ENTER,0,18065510.361524981,0,0,0
RUNTIME_LEAVE,0,18065510.361534327,0,0,0
RUNTIME_ENTER,0,18065510.365406923,0,0,0
RUNTIME_LEAVE,0,18065510.365416266,0,0,0
RUNTIME_ENTER,0,18065510.369493827,0,0,0
RUNTIME_LEAVE,0,18065510.369497780,0,0,0
RUNTIME_ENTER,0,18065510.373077985,0,0,0
RUNTIME_LEAVE,0,18065510.373085596,0,0,0
THREAD_COPY,0,18065510.374651976,140577314343236,140577241399372,0
RUNTIME_ENTER,0,18065510.374653667,0,0,0
RUNTIME_LEAVE,0,18065510.374654159,0,0,0
MERGED_HEAP,0,18065510.374748837,140576359976944,20797696,0
MERGED_HEAP,0,18065510.374755152,20762192,140576359976944,0
MERGED_HEAP,0,18065510.374757715,20762192,140577031064384,0
THREAD_COPY,0,18065510.374763928,140577314343236,140577241411660,0
RUNTIME_ENTER,0,18065510.374768600,0,0,0
RUNTIME_LEAVE,0,18065510.374769002,0,0,0
RUNTIME_ENTER,0,18065510.374769721,0,0,0
RUNTIME_LEAVE,0,18065510.374773487,0,0,0
RUNTIME_ENTER,0,18065510.374774043,0,0,0
RUNTIME_LEAVE,0,18065510.374778956,0,0,0
RUNTIME_ENTER,0,18065510.378864832,0,0,0
RUNTIME_LEAVE,0,18065510.378868751,0,0,0
RUNTIME_ENTER,0,18065510.382283267,0,0,0
RUNTIME_LEAVE,0,18065510.382291954,0,0,0
RUNTIME_ENTER,0,18065510.385708697,0,0,0
RUNTIME_LEAVE,0,18065510.385715362,0,0,0
RUNTIME_ENTER,0,18065510.389082152,0,0,0
RUNTIME_LEAVE,0,18065510.389091168,0,0,0
THREAD_COPY,0,18065510.391475204,140577314343236,140577241444428,0
RUNTIME_ENTER,0,18065510.391475871,0,0,0
RUNTIME_LEAVE,0,18065510.391476259,0,0,0
RUNTIME_ENTER,0,18065510.391476937,0,0,0
RUNTIME_LEAVE,0,18065510.391486842,0,0,0
RUNTIME_ENTER,0,18065510.391487379,0,0,0
RUNTIME_LEAVE,0,18065510.391490422,0,0,0
RUNTIME_ENTER,0,18065510.391491033,0,0,0
RUNTIME_LEAVE,0,18065510.391497251,0,0,0
RUNTIME_ENTER,0,18065510.395226695,0,0,0
RUNTIME_LEAVE,0,18065510.395235173,0,0,0
RUNTIME_ENTER,0,18065510.398790132,0,0,0
RUNTIME_LEAVE,0,18065510.398796957,0,0,0
RUNTIME_ENTER,0,18065510.401779518,0,0,0
RUNTIME_LEAVE,0,18065510.401787978,0,0,0
RUNTIME_ENTER,0,18065510.405204028,0,0,0
RUNTIME_LEAVE,0,18065510.405208282,0,0,0
RUNTIME_ENTER,0,18065510.408232898,0,0,0
RUNTIME_LEAVE,0,18065510.408236686,0,0,0
RUNTIME_ENTER,0,18065510.411296692,0,0,0
RUNTIME_LEAVE,0,18065510.411303446,0,0,0
RUNTIME_ENTER,0,18065510.414626349,0,0,0
RUNTIME_LEAVE,0,18065510.414633058,0,0,0
MERGED_HEAP,0,18065510.415946320,20799136,140576762631328,0
MERGED_HEAP,0,18065510.415948179,140576762628928,20799136,0
MERGED_HEAP,0,18065510.415950246,20762192,140576762628928,0
THREAD_COPY,0,18065510.415954992,140577314343236,140577241497676,0
RUNTIME_ENTER,0,18065510.415955767,0,0,0
RUNTIME_LEAVE,0,18065510.415956132,0,0,0
RUNTIME_ENTER,0,18065510.415956728,0,0,0
RUNTIME_LEAVE,0,18065510.415959544,0,0,0
RUNTIME_ENTER,0,18065510.415959980,0,0,0
RUNTIME_LEAVE,0,18065510.415963024,0,0,0
RUNTIME_ENTER,0,18065510.419273432,0,0,0
RUNTIME_LEAVE,0,18065510.419276807,0,0,0
RUNTIME_ENTER,0,18065510.422183722,0,0,0
RUNTIME_LEAVE,0,18065510.422186881,0,0,0
THREAD_COPY,0,18065510.424579844,140577314343236,140577241522252,0
RUNTIME_ENTER,0,18065510.424580760,0,0,0
RUNTIME_LEAVE,0,18065510.424581096,0,0,0
RUNTIME_ENTER,0,18065510.424581625,0,0,0
RUNTIME_LEAVE,0,18065510.424584430,0,0,0
RUNTIME_ENTER,0,18065510.424878836,0,0,0
RUNTIME_LEAVE,0,18065510.424881712,0,0,0
RUNTIME_ENTER,0,18065510.427867319,0,0,0
RUNTIME_LEAVE,0,18065510.427872006,0,0,0
MERGED_HEAP,0,18065510.429858837,140576359979024,20800496,0
MERGED_HEAP,0,18065510.429860532,140577165284512,140576359979024,0
MERGED_HEAP,0,18065510.429862320,140577165284512,140576762632528,0
THREAD_COPY,0,18065510.429867458,140577314343236,140577241542732,0
RUNTIME_ENTER,0,18065510.429868188,0,0,0
RUNTIME_LEAVE,0,18065510.429868504,0,0,0
RUNTIME_ENTER,0,18065510.429868992,0,0,0
RUNTIME_LEAVE,0,18065510.429871675,0,0,0
RUNTIME_ENTER,0,18065510.429872017,0,0,0
RUNTIME_LEAVE,0,18065510.429872409,0,0,0
RUNTIME_ENTER,0,18065510.432984211,0,0,0
RUNTIME_LEAVE,0,18065510.432993632,0,0,0
THREAD_COPY,0,18065510.434924450,140577314343236,140577237958732,0
RUNTIME_ENTER,0,18065510.434927791,0,0,0
RUNTIME_LEAVE,0,18065510.434928074,0,0,0
RUNTIME_ENTER,0,18065510.434928536,0,0,0
RUNTIME_LEAVE,0,18065510.434931148,0,0,0
RUNTIME_ENTER,0,18065510.435384493,0,0,0
RUNTIME_LEAVE,0,18065510.435390610,0,0,0
MERGED_HEAP,0,18065510.436874703,140577165286432,20801296,0
MERGED_HEAP,0,18065510.436877187,20800496,140577165286432,0
THREAD_COPY,0,18065510.436887272,140577314343236,140577237975116,0
RUNTIME_ENTER,0,18065510.436887823,0,0,0
RUNTIME_LEAVE,0,18065510.436888132,0,0,0
RUNTIME_ENTER,0,18065510.436888628,0,0,0
RUNTIME_LEAVE,0,18065510.436891332,0,0,0
RUNTIME_ENTER,0,18065510.436891701,0,0,0
RUNTIME_LEAVE,0,18065510.436894197,0,0,0
RUNTIME_ENTER,0,18065510.440018550,0,0,0
RUNTIME_LEAVE,0,18065510.440026391,0,0,0
RUNTIME_ENTER,0,18065510.442625333,0,0,0
RUNTIME_LEAVE,0,18065510.442628458,0,0,0
RUNTIME_ENTER,0,18065510.445001759,0,0,0
RUNTIME_LEAVE,0,18065510.445004877,0,0,0
RUNTIME_ENTER,0,18065510.447868582,0,0,0
RUNTIME_LEAVE,0,18065510.447871454,0,0,0
RUNTIME_ENTER,0,18065510.450412780,0,0,0
RUNTIME_LEAVE,0,18065510.450415730,0,0,0
RUNTIME_ENTER,0,18065510.453217577,0,0,0
RUNTIME_LEAVE,0,18065510.453220457,0,0,0
RUNTIME_ENTER,0,18065510.455899067,0,0,0
RUNTIME_LEAVE,0,18065510.455902088,0,0,0
THREAD_COPY,0,18065510.456901915,140577314343236,140577238016076,0
RUNTIME_ENTER,0,18065510.456902552,0,0,0
RUNTIME_LEAVE,0,18065510.456902836,0,0,0
MERGED_HEAP,0,18065510.457062110,140577031067984,20802256,0
MERGED_HEAP,0,18065510.457067624,20801296,140577031067984,0
THREAD_COPY,0,18065510.457071334,140577314343236,140577238028364,0
RUNTIME_ENTER,0,18065510.457071885,0,0,0
RUNTIME_LEAVE,0,18065510.457072150,0,0,0
RUNTIME_ENTER,0,18065510.457072616,0,0,0
RUNTIME_LEAVE,0,18065510.457075041,0,0,0
RUNTIME_ENTER,0,18065510.457331091,0,0,0
RUNTIME_LEAVE,0,18065510.457333777,0,0,0
RUNTIME_ENTER,0,18065510.459914800,0,0,0
RUNTIME_LEAVE,0,18065510.459922511,0,0,0
MERGED_HEAP,0,18065510.461694885,140576494193472,20802896,0
MERGED_HEAP,0,18065510.461696617,140577165285872,140576494193472,0
THREAD_COPY,0,18065510.461700704,140577314343236,140577238048844,0
RUNTIME_ENTER,0,18065510.461701382,0,0,0
RUNTIME_LEAVE,0,18065510.461701665,0,0,0
RUNTIME_ENTER,0,18065510.461702205,0,0,0
RUNTIME_LEAVE,0,18065510.461704802,0,0,0
RUNTIME_ENTER,0,18065510.462118883,0,0,0
RUNTIME_LEAVE,0,18065510.462123614,0,0,0
THREAD_COPY,0,18065510.463211607,140577314343236,140577238061132,0
RUNTIME_ENTER,0,18065510.463212196,0,0,0
RUNTIME_LEAVE,0,18065510.463212460,0,0,0
RUNTIME_ENTER,0,18065510.463212866,0,0,0
RUNTIME_LEAVE,0,18065510.463215321,0,0,0
THREAD_COPY,0,18065510.463653173,140577314343236,140577238069324,0
RUNTIME_ENTER,0,18065510.463653762,0,0,0
RUNTIME_LEAVE,0,18065510.463654023,0,0,0
MERGED_HEAP,0,18065510.463755246,140576896852176,20804336,0
MERGED_HEAP,0,18065510.463758469,20803616,140576896852176,0
MERGED_HEAP,0,18065510.463760547,20803616,140576494199552,0
MERGED_HEAP,0,18065510.463762335,140576896851376,20803616,0
THREAD_COPY,0,18065510.463765960,140577314343236,140577238081612,0
RUNTIME_ENTER,0,18065510.463766210,0,0,0
RUNTIME_LEAVE,0,18065510.463768709,0,0,0
RUNTIME_ENTER,0,18065510.463769242,0,0,0
RUNTIME_LEAVE,0,18065510.463769507,0,0,0
RUNTIME_ENTER,0,18065510.463769972,0,0,0
RUNTIME_LEAVE,0,18065510.463772353,0,0,0
RUNTIME_ENTER,0,18065510.463772684,0,0,0
RUNTIME_LEAVE,0,18065510.463775024,0,0,0
RUNTIME_ENTER,0,18065510.466554631,0,0,0
RUNTIME_LEAVE,0,18065510.466558028,0,0,0
THREAD_COPY,0,18065510.468241245,140577314343236,140577238102092,0
RUNTIME_ENTER,0,18065510.468242008,0,0,0
RUNTIME_LEAVE,0,18065510.468242280,0,0,0
RUNTIME_ENTER,0,18065510.468242645,0,0,0
RUNTIME_LEAVE,0,18065510.468245305,0,0,0
RUNTIME_ENTER,0,18065510.468646392,0,0,0
RUNTIME_LEAVE,0,18065510.468649257,0,0,0
MERGED_HEAP,0,18065510.469937649,140576628416400,20802896,0
MERGED_HEAP,0,18065510.469938941,140576896852736,140576628416400,0
MERGED_HEAP,0,18065510.469940834,140577165287312,140576896852736,0
THREAD_COPY,0,18065510.469944555,140577314343236,140577238118476,0
RUNTIME_ENTER,0,18065510.469945107,0,0,0
RUNTIME_LEAVE,0,18065510.469945379,0,0,0
THREAD_COPY,0,18065510.470006492,140577314343236,140577238122572,0
RUNTIME_ENTER,0,18065510.470006920,0,0,0
RUNTIME_LEAVE,0,18065510.470007181,0,0,0
MERGED_HEAP,0,18065510.470068604,140577165288912,20802896,0
MERGED_HEAP,0,18065510.470072456,140576359983664,140577165288912,0
THREAD_COPY,0,18065510.470076177,140577314343236,140577238134860,0
RUNTIME_ENTER,0,18065510.470076621,0,0,0
RUNTIME_LEAVE,0,18065510.470076878,0,0,0
MERGED_HEAP,0,18065510.470326234,140576494200112,20803616,0
THREAD_COPY,0,18065510.470330138,140577314343236,140577238143052,0
RUNTIME_ENTER,0,18065510.470330726,0,0,0
RUNTIME_LEAVE,0,18065510.470330987,0,0,0
MERGED_HEAP,0,18065510.470392168,140577165288352,20802896,0
THREAD_COPY,0,18065510.470396940,140577314343236,140577238151244,0
RUNTIME_ENTER,0,18065510.470397484,0,0,0
RUNTIME_LEAVE,0,18065510.470397733,0,0,0
THREAD_COPY,0,18065510.470647000,140577314343236,140577238155340,0
RUNTIME_ENTER,0,18065510.470647540,0,0,0
RUNTIME_LEAVE,0,18065510.470647801,0,0,0
THREAD_COPY,0,18065510.470804591,140577314343236,140577238159436,0
RUNTIME_ENTER,0,18065510.470805071,0,0,0
RUNTIME_LEAVE,0,18065510.470805343,0,0,0
MERGED_HEAP,0,18065510.470902570,140576896853216,20802896,0
MERGED_HEAP,0,18065510.470906664,140577165288912,140576896853216,0
MERGED_HEAP,0,18065510.470908608,140577165288912,140576762635168,0
MERGED_HEAP,0,18065510.470910929,140576762634528,140577165288912,0
MERGED_HEAP,0,18065510.470913462,140576762634528,140577031072064,0
MERGED_HEAP,0,18065510.470915478,140576494200112,140576762634528,0
MERGED_HEAP,0,18065510.470917776,140576494200112,140576628417440,0
MERGED_HEAP,0,18065510.470920499,140576359979984,140576494200112,0
MERGED_HEAP,0,18065510.470922779,140576359979984,140577165287312,0
MERGED_HEAP,0,18065510.470925108,140576896846656,140576359979984,0
MERGED_HEAP,0,18065510.470927123,140576896846656,140576628413040,0
GC_ENTER,0,18065510.470928986,0,0,0
COPY,0,18065510.470929142,0,0,0
PROMOTION_ENTER,0,18065510.470929570,0,0,0
COPY,0,18065510.470940579,0,0,0
PROMOTION_LEAVE,0,18065510.470941555,0,0,0
COPY,0,18065510.470943723,0,0,0
COPY,0,18065510.470947456,376,1,1
COPY,0,18065510.470947646,376,1,1
COPY,0,18065510.470948331,376,1,1
COPY,0,18065510.470957153,1168,34,1
COPY,0,18065510.470959734,1168,34,1
COPY,0,18065510.470959913,1168,34,1
COPY,0,18065510.470960442,0,0,0
GC_LEAVE,0,18065510.470960595,0,0,0
MERGED_HEAP,0,18065510.470961615,20762192,140576896846656,0
ARRAY_ALLOCATE_ENTER,0,18065510.470963109,0,8,1
ARRAY_ALLOCATE_LEAVE,0,18065510.470963549,0,0,0
ARRAY_ALLOCATE_ENTER,0,18065510.470967628,0,9,1
ARRAY_ALLOCATE_LEAVE,0,18065510.470967848,0,0,0
ARRAY_ALLOCATE_ENTER,0,18065510.470981434,0,3,1
ARRAY_ALLOCATE_LEAVE,0,18065510.470981892,0,0,0
ARRAY_ALLOCATE_ENTER,0,18065510.470982183,0,7,1
ARRAY_ALLOCATE_LEAVE,0,18065510.470982399,0,0,0
HALT_REQ,0,18065510.470984600,0,0,0
HALT_WAIT,0,18065510.470985115,0,0,0
FINISH,0,18065510.471384350,0,0,0
INIT,1,18065510.318995934,0,0,0
LAUNCH,1,18065510.319825064,0,0,0
THREAD_COPY,1,18065510.320252106,140577316254324,140577240481868,0
RUNTIME_ENTER,1,18065510.320254724,0,0,0
RUNTIME_LEAVE,1,18065510.320255421,0,0,0
THREAD_COPY,1,18065510.320264645,140577314343236,140577240485964,0
RUNTIME_ENTER,1,18065510.320266981,0,0,0
RUNTIME_LEAVE,1,18065510.320267715,0,0,0
RUNTIME_ENTER,1,18065510.320269026,0,0,0
RUNTIME_LEAVE,1,18065510.320326377,0,0,0
RUNTIME_ENTER,1,18065510.320327353,0,0,0
RUNTIME_LEAVE,1,18065510.320331216,0,0,0
RUNTIME_ENTER,1,18065510.320332300,0,0,0
RUNTIME_LEAVE,1,18065510.320338488,0,0,0
RUNTIME_ENTER,1,18065510.325789664,0,0,0
RUNTIME_LEAVE,1,18065510.325793315,0,0,0
RUNTIME_ENTER,1,18065510.330632348,0,0,0
RUNTIME_LEAVE,1,18065510.330636058,0,0,0
RUNTIME_ENTER,1,18065510.336849600,0,0,0
RUNTIME_LEAVE,1,18065510.336854015,0,0,0
RUNTIME_ENTER,1,18065510.341320306,0,0,0
RUNTIME_LEAVE,1,18065510.341323551,0,0,0
RUNTIME_ENTER,1,18065510.345993146,0,0,0
RUNTIME_LEAVE,1,18065510.346004438,0,0,0
RUNTIME_ENTER,1,18065510.350093439,0,0,0
RUNTIME_LEAVE,1,18065510.350096703,0,0,0
RUNTIME_ENTER,1,18065510.354512706,0,0,0
RUNTIME_LEAVE,1,18065510.354515873,0,0,0
RUNTIME_ENTER,1,18065510.358261615,0,0,0
RUNTIME_LEAVE,1,18065510.358264603,0,0,0
RUNTIME_ENTER,1,18065510.362135205,0,0,0
RUNTIME_LEAVE,1,18065510.362138316,0,0,0
RUNTIME_ENTER,1,18065510.366345644,0,0,0
RUNTIME_LEAVE,1,18065510.366349321,0,0,0
RUNTIME_ENTER,1,18065510.369776189,0,0,0
RUNTIME_LEAVE,1,18065510.369779024,0,0,0
RUNTIME_ENTER,1,18065510.373722050,0,0,0
RUNTIME_LEAVE,1,18065510.373724733,0,0,0
RUNTIME_ENTER,1,18065510.376991071,0,0,0
RUNTIME_LEAVE,1,18065510.376993898,0,0,0
RUNTIME_ENTER,1,18065510.380865216,0,0,0
RUNTIME_LEAVE,1,18065510.380867872,0,0,0
RUNTIME_ENTER,1,18065510.384227592,0,0,0
RUNTIME_LEAVE,1,18065510.384232845,0,0,0
RUNTIME_ENTER,1,18065510.387517579,0,0,0
RUNTIME_LEAVE,1,18065510.387524497,0,0,0
RUNTIME_ENTER,1,18065510.391369689,0,0,0
RUNTIME_LEAVE,1,18065510.391373727,0,0,0
RUNTIME_ENTER,1,18065510.394376881,0,0,0
RUNTIME_LEAVE,1,18065510.394380432,0,0,0
RUNTIME_ENTER,1,18065510.397357699,0,0,0
RUNTIME_LEAVE,1,18065510.397362567,0,0,0
THREAD_COPY,1,18065510.401002631,140577314343236,140577240588364,0
RUNTIME_ENTER,1,18065510.401003662,0,0,0
RUNTIME_LEAVE,1,18065510.401004143,0,0,0
RUNTIME_ENTER,1,18065510.401004825,0,0,0
RUNTIME_LEAVE,1,18065510.401007943,0,0,0
RUNTIME_ENTER,1,18065510.401008550,0,0,0
RUNTIME_LEAVE,1,18065510.401011433,0,0,0
RUNTIME_ENTER,1,18065510.401012108,0,0,0
RUNTIME_LEAVE,1,18065510.401015446,0,0,0
RUNTIME_ENTER,1,18065510.404659934,0,0,0
RUNTIME_LEAVE,1,18065510.404679012,0,0,0
RUNTIME_ENTER,1,18065510.408057462,0,0,0
RUNTIME_LEAVE,1,18065510.408063963,0,0,0
RUNTIME_ENTER,1,18065510.410887301,0,0,0
RUNTIME_LEAVE,1,18065510.410893630,0,0,0
RUNTIME_ENTER,1,18065510.414142851,0,0,0
RUNTIME_LEAVE,1,18065510.414149515,0,0,0
RUNTIME_ENTER,1,18065510.417141937,0,0,0
RUNTIME_LEAVE,1,18065510.417146962,0,0,0
RUNTIME_ENTER,1,18065510.420045648,0,0,0
RUNTIME_LEAVE,1,18065510.420051873,0,0,0
RUNTIME_ENTER,1,18065510.423211996,0,0,0
RUNTIME_LEAVE,1,18065510.423215978,0,0,0
THREAD_COPY,1,18065510.424474418,140577314343236,140577239310412,0
RUNTIME_ENTER,1,18065510.424475353,0,0,0
RUNTIME_LEAVE,1,18065510.424475767,0,0,0
RUNTIME_ENTER,1,18065510.424476314,0,0,0
RUNTIME_LEAVE,1,18065510.424479429,0,0,0
RUNTIME_ENTER,1,18065510.424479861,0,0,0
RUNTIME_LEAVE,1,18065510.424482834,0,0,0
RUNTIME_ENTER,1,18065510.427761413,0,0,0
RUNTIME_LEAVE,1,18065510.427766301,0,0,0
RUNTIME_ENTER,1,18065510.430485073,0,0,0
RUNTIME_LEAVE,1,18065510.430488613,0,0,0
THREAD_COPY,1,18065510.432309747,140577314343236,140577239330892,0
RUNTIME_ENTER,1,18065510.432310522,0,0,0
RUNTIME_LEAVE,1,18065510.432310820,0,0,0
RUNTIME_ENTER,1,18065510.432311308,0,0,0
RUNTIME_LEAVE,1,18065510.432314575,0,0,0
RUNTIME_ENTER,1,18065510.432594966,0,0,0
RUNTIME_LEAVE,1,18065510.432597976,0,0,0
THREAD_COPY,1,18065510.435428176,140577314343236,140577239343180,0
RUNTIME_ENTER,1,18065510.435428690,0,0,0
RUNTIME_LEAVE,1,18065510.435429003,0,0,0
RUNTIME_ENTER,1,18065510.435429491,0,0,0
RUNTIME_LEAVE,1,18065510.435432073,0,0,0
MERGED_HEAP,1,18065510.435891602,140576762632528,140577165285872,0
THREAD_COPY,1,18065510.435896356,140577314343236,140577239359564,0
RUNTIME_ENTER,1,18065510.435897090,0,0,0
RUNTIME_LEAVE,1,18065510.435897388,0,0,0
RUNTIME_ENTER,1,18065510.435897872,0,0,0
RUNTIME_LEAVE,1,18065510.435900651,0,0,0
RUNTIME_ENTER,1,18065510.436361760,0,0,0
RUNTIME_LEAVE,1,18065510.436365683,0,0,0
MERGED_HEAP,1,18065510.439024225,140576494197792,140577165285872,0
MERGED_HEAP,1,18065510.439026650,140576494197792,20800496,0
MERGED_HEAP,1,18065510.439028893,140577031065824,140576494197792,0
MERGED_HEAP,1,18065510.439030722,140576494193472,140577031065824,0
MERGED_HEAP,1,18065510.439033568,20762192,140576494193472,0
THREAD_COPY,1,18065510.439038303,140577314343236,140577239375948,0
RUNTIME_ENTER,1,18065510.439038955,0,0,0
RUNTIME_LEAVE,1,18065510.439039297,0,0,0
RUNTIME_ENTER,1,18065510.439039826,0,0,0
RUNTIME_LEAVE,1,18065510.439042449,0,0,0
RUNTIME_ENTER,1,18065510.439042877,0,0,0
RUNTIME_LEAVE,1,18065510.439045399,0,0,0
RUNTIME_ENTER,1,18065510.439045817,0,0,0
RUNTIME_LEAVE,1,18065510.439050771,0,0,0
RUNTIME_ENTER,1,18065510.442141812,0,0,0
RUNTIME_LEAVE,1,18065510.442144778,0,0,0
RUNTIME_ENTER,1,18065510.445051972,0,0,0
RUNTIME_LEAVE,1,18065510.445060622,0,0,0
RUNTIME_ENTER,1,18065510.447491843,0,0,0
RUNTIME_LEAVE,1,18065510.447494600,0,0,0
RUNTIME_ENTER,1,18065510.450301539,0,0,0
RUNTIME_LEAVE,1,18065510.450309619,0,0,0
RUNTIME_ENTER,1,18065510.452920787,0,0,0
RUNTIME_LEAVE,1,18065510.452923514,0,0,0
RUNTIME_ENTER,1,18065510.455443919,0,0,0
RUNTIME_LEAVE,1,18065510.455450028,0,0,0
THREAD_COPY,1,18065510.458205637,140577314343236,140577239425100,0
RUNTIME_ENTER,1,18065510.458206359,0,0,0
RUNTIME_LEAVE,1,18065510.458206646,0,0,0
RUNTIME_ENTER,1,18065510.458207078,0,0,0
RUNTIME_LEAVE,1,18065510.458209556,0,0,0
RUNTIME_ENTER,1,18065510.458209969,0,0,0
RUNTIME_LEAVE,1,18065510.458212346,0,0,0
RUNTIME_ENTER,1,18065510.458212804,0,0,0
RUNTIME_LEAVE,1,18065510.458217472,0,0,0
RUNTIME_ENTER,1,18065510.461059038,0,0,0
RUNTIME_LEAVE,1,18065510.461061724,0,0,0
RUNTIME_ENTER,1,18065510.463857748,0,0,0
RUNTIME_LEAVE,1,18065510.463860534,0,0,0
RUNTIME_ENTER,1,18065510.466137867,0,0,0
RUNTIME_LEAVE,1,18065510.466141421,0,0,0
MERGED_HEAP,1,18065510.468376637,140577165287312,140576359981904,0
THREAD_COPY,1,18065510.468381312,140577314343236,140577239461964,0
RUNTIME_ENTER,1,18065510.468381792,0,0,0
RUNTIME_LEAVE,1,18065510.468382072,0,0,0
RUNTIME_ENTER,1,18065510.468382489,0,0,0
RUNTIME_LEAVE,1,18065510.468385037,0,0,0
MERGED_HEAP,1,18065510.469031386,140576359982784,140577165288352,0
MERGED_HEAP,1,18065510.469033096,140576359982784,140576896852176,0
MERGED_HEAP,1,18065510.469034888,140576896852736,140576359982784,0
THREAD_COPY,1,18065510.469039012,140577314343236,140577239474252,0
RUNTIME_ENTER,1,18065510.469039608,0,0,0
RUNTIME_LEAVE,1,18065510.469039895,0,0,0
RUNTIME_ENTER,1,18065510.469040304,0,0,0
RUNTIME_LEAVE,1,18065510.469042733,0,0,0
THREAD_COPY,1,18065510.469691049,140577314343236,140577239486540,0
RUNTIME_ENTER,1,18065510.469691701,0,0,0
RUNTIME_LEAVE,1,18065510.469691955,0,0,0
RUNTIME_ENTER,1,18065510.469692335,0,0,0
RUNTIME_LEAVE,1,18065510.469694719,0,0,0
THREAD_COPY,1,18065510.470037308,140577314343236,140577239494732,0
RUNTIME_ENTER,1,18065510.470037859,0,0,0
RUNTIME_LEAVE,1,18065510.470038116,0,0,0
RUNTIME_ENTER,1,18065510.470038477,0,0,0
RUNTIME_LEAVE,1,18065510.470040761,0,0,0
THREAD_COPY,1,18065510.470383670,140577314343236,140577239502924,0
RUNTIME_ENTER,1,18065510.470383886,0,0,0
RUNTIME_LEAVE,1,18065510.470386095,0,0,0
RUNTIME_ENTER,1,18065510.470386639,0,0,0
RUNTIME_LEAVE,1,18065510.470386926,0,0,0
RUNTIME_ENTER,1,18065510.470387384,0,0,0
RUNTIME_LEAVE,1,18065510.470389780,0,0,0
THREAD_COPY,1,18065510.470791742,140577314343236,140577239515212,0
RUNTIME_ENTER,1,18065510.470792428,0,0,0
RUNTIME_LEAVE,1,18065510.470792685,0,0,0
MERGED_HEAP,1,18065510.470887460,140576762635168,140577165288352,0
MERGED_HEAP,1,18065510.470889833,140576762635168,140576359981904,0
RUNTIME_ENTER,1,18065510.471032955,0,0,0
HALT_ACK,1,18065510.471033216,0,0,0
RUNTIME_LEAVE,1,18065510.471033406,0,0,0
FINISH,1,18065510.471187886,0,0,0
INIT,2,18065510.319009833,0,0,0
LAUNCH,2,18065510.319826849,0,0,0
THREAD_COPY,2,18065510.320251893,140577316254324,140577241022540,0
RUNTIME_ENTER,2,18065510.320254508,0,0,0
RUNTIME_LEAVE,2,18065510.320255239,0,0,0
THREAD_COPY,2,18065510.320266295,140577314343236,140577241026636,0
RUNTIME_ENTER,2,18065510.320269752,0,0,0
RUNTIME_LEAVE,2,18065510.320270762,0,0,0
RUNTIME_ENTER,2,18065510.320327494,0,0,0
RUNTIME_LEAVE,2,18065510.320333846,0,0,0
RUNTIME_ENTER,2,18065510.320334680,0,0,0
RUNTIME_LEAVE,2,18065510.320340082,0,0,0
RUNTIME_ENTER,2,18065510.320341501,0,0,0
RUNTIME_LEAVE,2,18065510.320350435,0,0,0
RUNTIME_ENTER,2,18065510.325800452,0,0,0
RUNTIME_LEAVE,2,18065510.325805727,0,0,0
RUNTIME_ENTER,2,18065510.330457687,0,0,0
RUNTIME_LEAVE,2,18065510.330463070,0,0,0
RUNTIME_ENTER,2,18065510.336740427,0,0,0
RUNTIME_LEAVE,2,18065510.336751293,0,0,0
RUNTIME_ENTER,2,18065510.341154318,0,0,0
RUNTIME_LEAVE,2,18065510.341162615,0,0,0
RUNTIME_ENTER,2,18065510.345556047,0,0,0
RUNTIME_LEAVE,2,18065510.345570903,0,0,0
RUNTIME_ENTER,2,18065510.350080382,0,0,0
RUNTIME_LEAVE,2,18065510.350087497,0,0,0
RUNTIME_ENTER,2,18065510.354386341,0,0,0
RUNTIME_LEAVE,2,18065510.354391407,0,0,0
RUNTIME_ENTER,2,18065510.358189203,0,0,0
RUNTIME_LEAVE,2,18065510.358197261,0,0,0
RUNTIME_ENTER,2,18065510.362012107,0,0,0
RUNTIME_LEAVE,2,18065510.362018287,0,0,0
RUNTIME_ENTER,2,18065510.366133317,0,0,0
RUNTIME_LEAVE,2,18065510.366143916,0,0,0
RUNTIME_ENTER,2,18065510.369694915,0,0,0
RUNTIME_LEAVE,2,18065510.369698334,0,0,0
RUNTIME_ENTER,2,18065510.373782668,0,0,0
RUNTIME_LEAVE,2,18065510.373785544,0,0,0
RUNTIME_ENTER,2,18065510.376911320,0,0,0
RUNTIME_LEAVE,2,18065510.376914512,0,0,0
RUNTIME_ENTER,2,18065510.380564392,0,0,0
RUNTIME_LEAVE,2,18065510.380567510,0,0,0
RUNTIME_ENTER,2,18065510.384211581,0,0,0
RUNTIME_LEAVE,2,18065510.384214424,0,0,0
RUNTIME_ENTER,2,18065510.387580588,0,0,0
RUNTIME_LEAVE,2,18065510.387585498,0,0,0
RUNTIME_ENTER,2,18065510.391216394,0,0,0
RUNTIME_LEAVE,2,18065510.391219176,0,0,0
RUNTIME_ENTER,2,18065510.394305058,0,0,0
RUNTIME_LEAVE,2,18065510.394307915,0,0,0
RUNTIME_ENTER,2,18065510.397410166,0,0,0
RUNTIME_LEAVE,2,18065510.397414736,0,0,0
THREAD_COPY,2,18065510.401062071,140577314343236,140577241129036,0
RUNTIME_ENTER,2,18065510.401063386,0,0,0
RUNTIME_LEAVE,2,18065510.401063949,0,0,0
RUNTIME_ENTER,2,18065510.401064716,0,0,0
RUNTIME_LEAVE,2,18065510.401068468,0,0,0
RUNTIME_ENTER,2,18065510.401069030,0,0,0
RUNTIME_LEAVE,2,18065510.401072294,0,0,0
RUNTIME_ENTER,2,18065510.404721059,0,0,0
RUNTIME_LEAVE,2,18065510.404725417,0,0,0
RUNTIME_ENTER,2,18065510.407671764,0,0,0
RUNTIME_LEAVE,2,18065510.407678302,0,0,0
RUNTIME_ENTER,2,18065510.410445120,0,0,0
RUNTIME_LEAVE,2,18065510.410445951,0,0,0
RUNTIME_ENTER,2,18065510.413766481,0,0,0
RUNTIME_LEAVE,2,18065510.413776476,0,0,0
THREAD_COPY,2,18065510.415904384,140577314343236,140577238753356,0
RUNTIME_ENTER,2,18065510.415905409,0,0,0
RUNTIME_LEAVE,2,18065510.415905904,0,0,0
RUNTIME_ENTER,2,18065510.415906549,0,0,0
RUNTIME_LEAVE,2,18065510.415909715,0,0,0
RUNTIME_ENTER,2,18065510.416418862,0,0,0
RUNTIME_LEAVE,2,18065510.416425910,0,0,0
THREAD_COPY,2,18065510.419249140,140577314343236,140577238769740,0
RUNTIME_ENTER,2,18065510.419249810,0,0,0
RUNTIME_LEAVE,2,18065510.419250172,0,0,0
RUNTIME_ENTER,2,18065510.419250678,0,0,0
RUNTIME_LEAVE,2,18065510.419255141,0,0,0
RUNTIME_ENTER,2,18065510.419255540,0,0,0
RUNTIME_LEAVE,2,18065510.419258382,0,0,0
RUNTIME_ENTER,2,18065510.419259019,0,0,0
RUNTIME_LEAVE,2,18065510.419264365,0,0,0
RUNTIME_ENTER,2,18065510.422534268,0,0,0
RUNTIME_LEAVE,2,18065510.422539327,0,0,0
RUNTIME_ENTER,2,18065510.425737418,0,0,0
RUNTIME_LEAVE,2,18065510.425740954,0,0,0
RUNTIME_ENTER,2,18065510.428441312,0,0,0
RUNTIME_LEAVE,2,18065510.428444631,0,0,0
RUNTIME_ENTER,2,18065510.431402460,0,0,0
RUNTIME_LEAVE,2,18065510.431407329,0,0,0
RUNTIME_ENTER,2,18065510.434131503,0,0,0
RUNTIME_LEAVE,2,18065510.434142012,0,0,0
RUNTIME_ENTER,2,18065510.436911061,0,0,0
RUNTIME_LEAVE,2,18065510.436916329,0,0,0
THREAD_COPY,2,18065510.438001692,140577314343236,140577238818892,0
RUNTIME_ENTER,2,18065510.438002467,0,0,0
RUNTIME_LEAVE,2,18065510.438002795,0,0,0
RUNTIME_ENTER,2,18065510.438003309,0,0,0
RUNTIME_LEAVE,2,18065510.438006423,0,0,0
RUNTIME_ENTER,2,18065510.438006856,0,0,0
RUNTIME_LEAVE,2,18065510.438012227,0,0,0
RUNTIME_ENTER,2,18065510.441124015,0,0,0
RUNTIME_LEAVE,2,18065510.441129398,0,0,0
RUNTIME_ENTER,2,18065510.443662409,0,0,0
RUNTIME_LEAVE,2,18065510.443669088,0,0,0
RUNTIME_ENTER,2,18065510.446312498,0,0,0
RUNTIME_LEAVE,2,18065510.446319245,0,0,0
RUNTIME_ENTER,2,18065510.448919062,0,0,0
RUNTIME_LEAVE,2,18065510.448925842,0,0,0
THREAD_COPY,2,18065510.450769596,140577314343236,140577238851660,0
RUNTIME_ENTER,2,18065510.450770233,0,0,0
RUNTIME_LEAVE,2,18065510.450770512,0,0,0
RUNTIME_ENTER,2,18065510.450770993,0,0,0
RUNTIME_LEAVE,2,18065510.450773492,0,0,0
RUNTIME_ENTER,2,18065510.450773865,0,0,0
RUNTIME_LEAVE,2,18065510.450776801,0,0,0
RUNTIME_ENTER,2,18065510.453732226,0,0,0
RUNTIME_LEAVE,2,18065510.453736816,0,0,0
RUNTIME_ENTER,2,18065510.456159893,0,0,0
RUNTIME_LEAVE,2,18065510.456166156,0,0,0
THREAD_COPY,2,18065510.458342034,140577314343236,140577238872140,0
RUNTIME_ENTER,2,18065510.458342765,0,0,0
RUNTIME_LEAVE,2,18065510.458343048,0,0,0
RUNTIME_ENTER,2,18065510.458343469,0,0,0
RUNTIME_LEAVE,2,18065510.458346114,0,0,0
RUNTIME_ENTER,2,18065510.458346464,0,0,0
RUNTIME_LEAVE,2,18065510.458348971,0,0,0
RUNTIME_ENTER,2,18065510.461190995,0,0,0
RUNTIME_LEAVE,2,18065510.461197343,0,0,0
MERGED_HEAP,2,18065510.462954000,140576494195872,140577031067984,0
THREAD_COPY,2,18065510.462960850,140577314343236,140577238888524,0
RUNTIME_ENTER,2,18065510.462961540,0,0,0
RUNTIME_LEAVE,2,18065510.462961830,0,0,0
MERGED_HEAP,2,18065510.463222079,20802896,140576494193472,0
THREAD_COPY,2,18065510.463228878,140577314343236,140577238900812,0
RUNTIME_ENTER,2,18065510.463229414,0,0,0
RUNTIME_LEAVE,2,18065510.463229671,0,0,0
RUNTIME_ENTER,2,18065510.463230018,0,0,0
RUNTIME_LEAVE,2,18065510.463232428,0,0,0
THREAD_COPY,2,18065510.463670552,140577314343236,140577238913100,0
RUNTIME_ENTER,2,18065510.463671237,0,0,0
RUNTIME_LEAVE,2,18065510.463671509,0,0,0
RUNTIME_ENTER,2,18065510.463671915,0,0,0
RUNTIME_LEAVE,2,18065510.463674359,0,0,0
RUNTIME_ENTER,2,18065510.463674720,0,0,0
RUNTIME_LEAVE,2,18065510.463677108,0,0,0
RUNTIME_ENTER,2,18065510.466450930,0,0,0
RUNTIME_LEAVE,2,18065510.466454376,0,0,0
RUNTIME_ENTER,2,18065510.468779586,0,0,0
RUNTIME_LEAVE,2,18065510.468788303,0,0,0
THREAD_COPY,2,18065510.470229227,140577314343236,140577238933580,0
RUNTIME_ENTER,2,18065510.470229872,0,0,0
RUNTIME_LEAVE,2,18065510.470230125,0,0,0
THREAD_COPY,2,18065510.470292423,140577314343236,140577238937676,0
RUNTIME_ENTER,2,18065510.470293082,0,0,0
RUNTIME_LEAVE,2,18065510.470293343,0,0,0
RUNTIME_ENTER,2,18065510.470293686,0,0,0
RUNTIME_LEAVE,2,18065510.470297351,0,0,0
MERGED_HEAP,2,18065510.470640015,140576494200672,140576628418480,0
MERGED_HEAP,2,18065510.470644332,140576359981904,140576494200672,0
MERGED_HEAP,2,18065510.470646426,140576628417440,140576359981904,0
MERGED_HEAP,2,18065510.470648751,140576628417440,140576896853296,0
MERGED_HEAP,2,18065510.470650740,140576628417440,140577031071504,0
THREAD_COPY,2,18065510.470655430,140577314343236,140577238954060,0
RUNTIME_ENTER,2,18065510.470655646,0,0,0
RUNTIME_LEAVE,2,18065510.470657986,0,0,0
RUNTIME_ENTER,2,18065510.470658544,0,0,0
RUNTIME_LEAVE,2,18065510.470658824,0,0,0
MERGED_HEAP,2,18065510.470757265,140576762634528,140576494195872,0
THREAD_COPY,2,18065510.470762141,140577314343236,140577238966348,0
RUNTIME_ENTER,2,18065510.470762823,0,0,0
RUNTIME_LEAVE,2,18065510.470763080,0,0,0
RUNTIME_ENTER,2,18065510.471037783,0,0,0
HALT_ACK,2,18065510.471038047,0,0,0
RUNTIME_LEAVE,2,18065510.471038241,0,0,0
FINISH,2,18065510.471186183,0,0,0
INIT,3,18065510.319031116,0,0,0
LAUNCH,3,18065510.319825746,0,0,0
THREAD_COPY,3,18065510.320248991,140577316254324,140577240752204,0
RUNTIME_ENTER,3,18065510.320251890,0,0,0
RUNTIME_LEAVE,3,18065510.320252571,0,0,0
THREAD_COPY,3,18065510.320261352,140577314343236,140577240756300,0
RUNTIME_ENTER,3,18065510.320264138,0,0,0
RUNTIME_LEAVE,3,18065510.320264891,0,0,0
RUNTIME_ENTER,3,18065510.320266232,0,0,0
RUNTIME_LEAVE,3,18065510.320300721,0,0,0
RUNTIME_ENTER,3,18065510.320302095,0,0,0
RUNTIME_LEAVE,3,18065510.320305757,0,0,0
RUNTIME_ENTER,3,18065510.320306867,0,0,0
RUNTIME_LEAVE,3,18065510.320315100,0,0,0
RUNTIME_ENTER,3,18065510.325804941,0,0,0
RUNTIME_LEAVE,3,18065510.325810514,0,0,0
RUNTIME_ENTER,3,18065510.330461372,0,0,0
RUNTIME_LEAVE,3,18065510.330466475,0,0,0
RUNTIME_ENTER,3,18065510.336307622,0,0,0
RUNTIME_LEAVE,3,18065510.336313356,0,0,0
RUNTIME_ENTER,3,18065510.341168035,0,0,0
RUNTIME_LEAVE,3,18065510.341172859,0,0,0
RUNTIME_ENTER,3,18065510.345433343,0,0,0
RUNTIME_LEAVE,3,18065510.345446523,0,0,0
RUNTIME_ENTER,3,18065510.349856727,0,0,0
RUNTIME_LEAVE,3,18065510.349864308,0,0,0
RUNTIME_ENTER,3,18065510.354274731,0,0,0
RUNTIME_LEAVE,3,18065510.354282383,0,0,0
RUNTIME_ENTER,3,18065510.357799876,0,0,0
RUNTIME_LEAVE,3,18065510.357803855,0,0,0
RUNTIME_ENTER,3,18065510.362010017,0,0,0
RUNTIME_LEAVE,3,18065510.362013862,0,0,0
RUNTIME_ENTER,3,18065510.365979996,0,0,0
RUNTIME_LEAVE,3,18065510.365988027,0,0,0
RUNTIME_ENTER,3,18065510.369663820,0,0,0
RUNTIME_LEAVE,3,18065510.369667720,0,0,0
RUNTIME_ENTER,3,18065510.373665567,0,0,0
RUNTIME_LEAVE,3,18065510.373672556,0,0,0
RUNTIME_ENTER,3,18065510.376796514,0,0,0
RUNTIME_LEAVE,3,18065510.376800276,0,0,0
RUNTIME_ENTER,3,18065510.380396586,0,0,0
RUNTIME_LEAVE,3,18065510.380400307,0,0,0
RUNTIME_ENTER,3,18065510.383833867,0,0,0
RUNTIME_LEAVE,3,18065510.383839961,0,0,0
RUNTIME_ENTER,3,18065510.387550272,0,0,0
RUNTIME_LEAVE,3,18065510.387553893,0,0,0
RUNTIME_ENTER,3,18065510.391053930,0,0,0
RUNTIME_LEAVE,3,18065510.391060855,0,0,0
RUNTIME_ENTER,3,18065510.394206077,0,0,0
RUNTIME_LEAVE,3,18065510.394209582,0,0,0
RUNTIME_ENTER,3,18065510.397388179,0,0,0
RUNTIME_LEAVE,3,18065510.397393052,0,0,0
RUNTIME_ENTER,3,18065510.401028037,0,0,0
RUNTIME_LEAVE,3,18065510.401031435,0,0,0
RUNTIME_ENTER,3,18065510.403396968,0,0,0
RUNTIME_LEAVE,3,18065510.403403766,0,0,0
RUNTIME_ENTER,3,18065510.406805184,0,0,0
RUNTIME_LEAVE,3,18065510.406812310,0,0,0
RUNTIME_ENTER,3,18065510.410198517,0,0,0
RUNTIME_LEAVE,3,18065510.410206072,0,0,0
RUNTIME_ENTER,3,18065510.413028691,0,0,0
RUNTIME_LEAVE,3,18065510.413033653,0,0,0
RUNTIME_ENTER,3,18065510.415848657,0,0,0
RUNTIME_LEAVE,3,18065510.415849373,0,0,0
RUNTIME_ENTER,3,18065510.419164207,0,0,0
RUNTIME_LEAVE,3,18065510.419180900,0,0,0
RUNTIME_ENTER,3,18065510.421974201,0,0,0
RUNTIME_LEAVE,3,18065510.421977535,0,0,0
RUNTIME_ENTER,3,18065510.424475636,0,0,0
RUNTIME_LEAVE,3,18065510.424478687,0,0,0
RUNTIME_ENTER,3,18065510.427758228,0,0,0
RUNTIME_LEAVE,3,18065510.427764636,0,0,0
RUNTIME_ENTER,3,18065510.430483766,0,0,0
RUNTIME_LEAVE,3,18065510.430491123,0,0,0
RUNTIME_ENTER,3,18065510.433256421,0,0,0
RUNTIME_LEAVE,3,18065510.433259375,0,0,0
RUNTIME_ENTER,3,18065510.435979746,0,0,0
RUNTIME_LEAVE,3,18065510.435983837,0,0,0
THREAD_COPY,3,18065510.437914293,140577314343236,140577238511692,0
RUNTIME_ENTER,3,18065510.437915169,0,0,0
RUNTIME_LEAVE,3,18065510.437915526,0,0,0
RUNTIME_ENTER,3,18065510.437916093,0,0,0
RUNTIME_LEAVE,3,18065510.437918905,0,0,0
RUNTIME_ENTER,3,18065510.437919281,0,0,0
RUNTIME_LEAVE,3,18065510.437921915,0,0,0
RUNTIME_ENTER,3,18065510.441064894,0,0,0
RUNTIME_LEAVE,3,18065510.441071216,0,0,0
RUNTIME_ENTER,3,18065510.443605207,0,0,0
RUNTIME_LEAVE,3,18065510.443611290,0,0,0
RUNTIME_ENTER,3,18065510.445985429,0,0,0
RUNTIME_LEAVE,3,18065510.445991576,0,0,0
RUNTIME_ENTER,3,18065510.448865023,0,0,0
RUNTIME_LEAVE,3,18065510.448871091,0,0,0
RUNTIME_ENTER,3,18065510.451425366,0,0,0
RUNTIME_LEAVE,3,18065510.451431513,0,0,0
RUNTIME_ENTER,3,18065510.454171315,0,0,0
RUNTIME_LEAVE,3,18065510.454177480,0,0,0
RUNTIME_ENTER,3,18065510.456866343,0,0,0
RUNTIME_LEAVE,3,18065510.456869029,0,0,0
THREAD_COPY,3,18065510.457191680,140577314343236,140577238552652,0
RUNTIME_ENTER,3,18065510.457192458,0,0,0
RUNTIME_LEAVE,3,18065510.457192756,0,0,0
RUNTIME_ENTER,3,18065510.457193233,0,0,0
RUNTIME_LEAVE,3,18065510.457195684,0,0,0
RUNTIME_ENTER,3,18065510.457196061,0,0,0
RUNTIME_LEAVE,3,18065510.457199894,0,0,0
RUNTIME_ENTER,3,18065510.460037105,0,0,0
RUNTIME_LEAVE,3,18065510.460040323,0,0,0
RUNTIME_ENTER,3,18065510.462469235,0,0,0
RUNTIME_LEAVE,3,18065510.462472264,0,0,0
THREAD_COPY,3,18065510.463582572,140577314343236,140577238573132,0
RUNTIME_ENTER,3,18065510.463583272,0,0,0
RUNTIME_LEAVE,3,18065510.463583540,0,0,0
THREAD_COPY,3,18065510.463745262,140577314343236,140577238577228,0
RUNTIME_ENTER,3,18065510.463745899,0,0,0
RUNTIME_LEAVE,3,18065510.463746168,0,0,0
RUNTIME_ENTER,3,18065510.463746615,0,0,0
RUNTIME_LEAVE,3,18065510.463749103,0,0,0
RUNTIME_ENTER,3,18065510.463749513,0,0,0
RUNTIME_LEAVE,3,18065510.463752009,0,0,0
RUNTIME_ENTER,3,18065510.466524899,0,0,0
RUNTIME_LEAVE,3,18065510.466527980,0,0,0
THREAD_COPY,3,18065510.468213834,140577314343236,140577238593612,0
RUNTIME_ENTER,3,18065510.468214493,0,0,0
RUNTIME_LEAVE,3,18065510.468214750,0,0,0
RUNTIME_ENTER,3,18065510.468215171,0,0,0
RUNTIME_LEAVE,3,18065510.468217660,0,0,0
THREAD_COPY,3,18065510.468867350,140577314343236,140577238601804,0
RUNTIME_ENTER,3,18065510.468867861,0,0,0
RUNTIME_LEAVE,3,18065510.468868155,0,0,0
MERGED_HEAP,3,18065510.469020914,140576762632528,140576896853296,0
MERGED_HEAP,3,18065510.469024535,140576896852176,140576762632528,0
THREAD_COPY,3,18065510.469028749,140577314343236,140577238609996,0
RUNTIME_ENTER,3,18065510.469029207,0,0,0
RUNTIME_LEAVE,3,18065510.469029494,0,0,0
RUNTIME_ENTER,3,18065510.469029941,0,0,0
RUNTIME_LEAVE,3,18065510.469032504,0,0,0
RUNTIME_ENTER,3,18065510.469429418,0,0,0
RUNTIME_LEAVE,3,18065510.469433133,0,0,0
MERGED_HEAP,3,18065510.470021032,140576896853296,20803616,0
MERGED_HEAP,3,18065510.470022548,140576896853296,140577165288352,0
THREAD_COPY,3,18065510.470026396,140577314343236,140577238626380,0
RUNTIME_ENTER,3,18065510.470027037,0,0,0
RUNTIME_LEAVE,3,18065510.470027287,0,0,0
THREAD_COPY,3,18065510.470276248,140577314343236,140577238630476,0
RUNTIME_ENTER,3,18065510.470276900,0,0,0
RUNTIME_LEAVE,3,18065510.470277134,0,0,0
MERGED_HEAP,3,18065510.470431916,140577031067984,140576896853856,0
MERGED_HEAP,3,18065510.470436431,140576494200112,140577031067984,0
THREAD_COPY,3,18065510.470445506,140577314343236,140577238638668,0
RUNTIME_ENTER,3,18065510.470446154,0,0,0
RUNTIME_LEAVE,3,18065510.470446449,0,0,0
RUNTIME_ENTER,3,18065510.470446840,0,0,0
RUNTIME_LEAVE,3,18065510.470449306,0,0,0
THREAD_COPY,3,18065510.470698848,140577314343236,140577238646860,0
RUNTIME_ENTER,3,18065510.470699284,0,0,0
RUNTIME_LEAVE,3,18065510.470699534,0,0,0
RUNTIME_ENTER,3,18065510.470870979,0,0,0
RUNTIME_LEAVE,3,18065510.470873982,0,0,0
RUNTIME_ENTER,3,18065510.471002281,0,0,0
HALT_ACK,3,18065510.471002553,0,0,0
RUNTIME_LEAVE,3,18065510.471002765,0,0,0
FINISH,3,18065510.471179053,0,0,0
INIT,4,18065510.319046427,0,0,0
LAUNCH,4,18065510.319826771,0,0,0
THREAD_COPY,4,18065510.320249949,140577316254324,140577241157708,0
RUNTIME_ENTER,4,18065510.320253406,0,0,0
RUNTIME_LEAVE,4,18065510.320254330,0,0,0
THREAD_COPY,4,18065510.320269395,140577314343236,140577241161804,0
RUNTIME_ENTER,4,18065510.320302237,0,0,0
RUNTIME_LEAVE,4,18065510.320303403,0,0,0
RUNTIME_ENTER,4,18065510.320304863,0,0,0
RUNTIME_LEAVE,4,18065510.320311829,0,0,0
RUNTIME_ENTER,4,18065510.320312783,0,0,0
RUNTIME_LEAVE,4,18065510.320318934,0,0,0
RUNTIME_ENTER,4,18065510.320320141,0,0,0
RUNTIME_LEAVE,4,18065510.320330631,0,0,0
RUNTIME_ENTER,4,18065510.325779267,0,0,0
RUNTIME_LEAVE,4,18065510.325785033,0,0,0
RUNTIME_ENTER,4,18065510.331113558,0,0,0
RUNTIME_LEAVE,4,18065510.331118833,0,0,0
RUNTIME_ENTER,4,18065510.336997785,0,0,0
RUNTIME_LEAVE,4,18065510.337003712,0,0,0
RUNTIME_ENTER,4,18065510.341751870,0,0,0
RUNTIME_LEAVE,4,18065510.341760341,0,0,0
RUNTIME_ENTER,4,18065510.346052922,0,0,0
RUNTIME_LEAVE,4,18065510.346066874,0,0,0
RUNTIME_ENTER,4,18065510.350215629,0,0,0
RUNTIME_LEAVE,4,18065510.350220252,0,0,0
RUNTIME_ENTER,4,18065510.354734696,0,0,0
RUNTIME_LEAVE,4,18065510.354742385,0,0,0
RUNTIME_ENTER,4,18065510.358217280,0,0,0
RUNTIME_LEAVE,4,18065510.358221415,0,0,0
RUNTIME_ENTER,4,18065510.362485573,0,0,0
RUNTIME_LEAVE,4,18065510.362495676,0,0,0
RUNTIME_ENTER,4,18065510.366310805,0,0,0
RUNTIME_LEAVE,4,18065510.366315082,0,0,0
RUNTIME_ENTER,4,18065510.370123830,0,0,0
RUNTIME_LEAVE,4,18065510.370129451,0,0,0
RUNTIME_ENTER,4,18065510.373706300,0,0,0
RUNTIME_LEAVE,4,18065510.373712584,0,0,0
THREAD_COPY,4,18065510.374683093,140577314343236,140577241235532,0
RUNTIME_ENTER,4,18065510.374684505,0,0,0
RUNTIME_LEAVE,4,18065510.374685090,0,0,0
RUNTIME_ENTER,4,18065510.374685925,0,0,0
RUNTIME_LEAVE,4,18065510.374689732,0,0,0
RUNTIME_ENTER,4,18065510.374690399,0,0,0
RUNTIME_LEAVE,4,18065510.374694172,0,0,0
RUNTIME_ENTER,4,18065510.374695033,0,0,0
RUNTIME_LEAVE,4,18065510.374701969,0,0,0
RUNTIME_ENTER,4,18065510.378791433,0,0,0
RUNTIME_LEAVE,4,18065510.378798593,0,0,0
RUNTIME_ENTER,4,18065510.382704448,0,0,0
RUNTIME_LEAVE,4,18065510.382711720,0,0,0
RUNTIME_ENTER,4,18065510.385881603,0,0,0
RUNTIME_LEAVE,4,18065510.385888133,0,0,0
RUNTIME_ENTER,4,18065510.389519606,0,0,0
RUNTIME_LEAVE,4,18065510.389524609,0,0,0
RUNTIME_ENTER,4,18065510.392906636,0,0,0
RUNTIME_LEAVE,4,18065510.392911211,0,0,0
RUNTIME_ENTER,4,18065510.396131702,0,0,0
RUNTIME_LEAVE,4,18065510.396137260,0,0,0
RUNTIME_ENTER,4,18065510.399643514,0,0,0
RUNTIME_LEAVE,4,18065510.399644524,0,0,0
MERGED_HEAP,4,18065510.401040014,140576628413040,20798416,0
MERGED_HEAP,4,18065510.401044618,140577165282112,140576628413040,0
THREAD_COPY,4,18065510.401063208,140577314343236,140577239814220,0
RUNTIME_ENTER,4,18065510.401064277,0,0,0
RUNTIME_LEAVE,4,18065510.401064802,0,0,0
RUNTIME_ENTER,4,18065510.401065357,0,0,0
RUNTIME_LEAVE,4,18065510.401069034,0,0,0
RUNTIME_ENTER,4,18065510.401069656,0,0,0
RUNTIME_LEAVE,4,18065510.401073139,0,0,0
RUNTIME_ENTER,4,18065510.401073795,0,0,0
RUNTIME_LEAVE,4,18065510.401080180,0,0,0
RUNTIME_ENTER,4,18065510.404716376,0,0,0
RUNTIME_LEAVE,4,18065510.404724929,0,0,0
RUNTIME_ENTER,4,18065510.408098515,0,0,0
RUNTIME_LEAVE,4,18065510.408103526,0,0,0
RUNTIME_ENTER,4,18065510.410943836,0,0,0
RUNTIME_LEAVE,4,18065510.410952311,0,0,0
RUNTIME_ENTER,4,18065510.414199412,0,0,0
RUNTIME_LEAVE,4,18065510.414203081,0,0,0
RUNTIME_ENTER,4,18065510.417207003,0,0,0
RUNTIME_LEAVE,4,18065510.417210497,0,0,0
RUNTIME_ENTER,4,18065510.420108955,0,0,0
RUNTIME_LEAVE,4,18065510.420115627,0,0,0
RUNTIME_ENTER,4,18065510.423268560,0,0,0
RUNTIME_LEAVE,4,18065510.423273474,0,0,0
THREAD_COPY,4,18065510.424529895,140577314343236,140577239867468,0
RUNTIME_ENTER,4,18065510.424530867,0,0,0
RUNTIME_LEAVE,4,18065510.424531192,0,0,0
RUNTIME_ENTER,4,18065510.424531709,0,0,0
RUNTIME_LEAVE,4,18065510.424534537,0,0,0
RUNTIME_ENTER,4,18065510.424534973,0,0,0
RUNTIME_LEAVE,4,18065510.424538273,0,0,0
RUNTIME_ENTER,4,18065510.427817822,0,0,0
RUNTIME_LEAVE,4,18065510.427825026,0,0,0
RUNTIME_ENTER,4,18065510.430541415,0,0,0
RUNTIME_LEAVE,4,18065510.430546466,0,0,0
THREAD_COPY,4,18065510.432929765,140577314343236,140577239887948,0
RUNTIME_ENTER,4,18065510.432930626,0,0,0
RUNTIME_LEAVE,4,18065510.432930917,0,0,0
RUNTIME_ENTER,4,18065510.432931427,0,0,0
RUNTIME_LEAVE,4,18065510.432934169,0,0,0
RUNTIME_ENTER,4,18065510.432934586,0,0,0
RUNTIME_LEAVE,4,18065510.432937197,0,0,0
RUNTIME_ENTER,4,18065510.432937756,0,0,0
RUNTIME_LEAVE,4,18065510.432944220,0,0,0
RUNTIME_ENTER,4,18065510.436051246,0,0,0
RUNTIME_LEAVE,4,18065510.436056428,0,0,0
RUNTIME_ENTER,4,18065510.438825209,0,0,0
RUNTIME_LEAVE,4,18065510.438829459,0,0,0
RUNTIME_ENTER,4,18065510.441550773,0,0,0
RUNTIME_LEAVE,4,18065510.441558920,0,0,0
RUNTIME_ENTER,4,18065510.444192663,0,0,0
RUNTIME_LEAVE,4,18065510.444197036,0,0,0
RUNTIME_ENTER,4,18065510.446999818,0,0,0
RUNTIME_LEAVE,4,18065510.447006386,0,0,0
RUNTIME_ENTER,4,18065510.449607357,0,0,0
RUNTIME_LEAVE,4,18065510.449612193,0,0,0
RUNTIME_ENTER,4,18065510.452436879,0,0,0
RUNTIME_LEAVE,4,18065510.452440187,0,0,0
RUNTIME_ENTER,4,18065510.454787541,0,0,0
RUNTIME_LEAVE,4,18065510.454792336,0,0,0
RUNTIME_ENTER,4,18065510.457316905,0,0,0
RUNTIME_LEAVE,4,18065510.457320131,0,0,0
RUNTIME_ENTER,4,18065510.460058853,0,0,0
RUNTIME_LEAVE,4,18065510.460065234,0,0,0
RUNTIME_ENTER,4,18065510.462335639,0,0,0
RUNTIME_LEAVE,4,18065510.462343466,0,0,0
MERGED_HEAP,4,18065510.464016721,140576628413040,20802896,0
THREAD_COPY,4,18065510.464024149,140577314343236,140577239957580,0
RUNTIME_ENTER,4,18065510.464024886,0,0,0
RUNTIME_LEAVE,4,18065510.464025196,0,0,0
RUNTIME_ENTER,4,18065510.464025617,0,0,0
RUNTIME_LEAVE,4,18065510.464029286,0,0,0
RUNTIME_ENTER,4,18065510.464448728,0,0,0
RUNTIME_LEAVE,4,18065510.464451373,0,0,0
MERGED_HEAP,4,18065510.465757716,140577031070704,140576628416400,0
MERGED_HEAP,4,18065510.465760075,140576896851376,140577031070704,0
MERGED_HEAP,4,18065510.465761840,140576896851376,140576494195872,0
MERGED_HEAP,4,18065510.465763476,140576628413040,140576896851376,0
MERGED_HEAP,4,18065510.465765502,140576628413040,140577165285872,0
THREAD_COPY,4,18065510.465769470,140577314343236,140577239973964,0
RUNTIME_ENTER,4,18065510.465770137,0,0,0
RUNTIME_LEAVE,4,18065510.465770401,0,0,0
RUNTIME_ENTER,4,18065510.465770859,0,0,0
RUNTIME_LEAVE,4,18065510.465773258,0,0,0
RUNTIME_ENTER,4,18065510.466018703,0,0,0
RUNTIME_LEAVE,4,18065510.466023363,0,0,0
THREAD_COPY,4,18065510.468505401,140577314343236,140577239986252,0
RUNTIME_ENTER,4,18065510.468506232,0,0,0
RUNTIME_LEAVE,4,18065510.468506504,0,0,0
RUNTIME_ENTER,4,18065510.468506906,0,0,0
RUNTIME_LEAVE,4,18065510.468509492,0,0,0
MERGED_HEAP,4,18065510.468909945,140576359982784,140576628417440,0
THREAD_COPY,4,18065510.468913596,140577314343236,140577239998540,0
RUNTIME_ENTER,4,18065510.468914110,0,0,0
RUNTIME_LEAVE,4,18065510.468914375,0,0,0
RUNTIME_ENTER,4,18065510.468914758,0,0,0
RUNTIME_LEAVE,4,18065510.468917429,0,0,0
RUNTIME_ENTER,4,18065510.468917798,0,0,0
RUNTIME_LEAVE,4,18065510.468920108,0,0,0
MERGED_HEAP,4,18065510.470303044,140576628417440,140576494195872,0
MERGED_HEAP,4,18065510.470304780,140576628417440,140576896852256,0
THREAD_COPY,4,18065510.470310871,140577314343236,140577240014924,0
RUNTIME_ENTER,4,18065510.470311418,0,0,0
RUNTIME_LEAVE,4,18065510.470311675,0,0,0
MERGED_HEAP,4,18065510.470558826,140577165288352,140576628418480,0
MERGED_HEAP,4,18065510.470563632,140577031071504,140577165288352,0
MERGED_HEAP,4,18065510.470566314,140577031071504,140576359983664,0
THREAD_COPY,4,18065510.470570356,140577314343236,140577240023116,0
RUNTIME_ENTER,4,18065510.470570963,0,0,0
RUNTIME_LEAVE,4,18065510.470571216,0,0,0
THREAD_COPY,4,18065510.470633060,140577314343236,140577240027212,0
RUNTIME_ENTER,4,18065510.470633578,0,0,0
RUNTIME_LEAVE,4,18065510.470633827,0,0,0
THREAD_COPY,4,18065510.470696114,140577314343236,140577240031308,0
RUNTIME_ENTER,4,18065510.470696658,0,0,0
RUNTIME_LEAVE,4,18065510.470699571,0,0,0
RUNTIME_ENTER,4,18065510.470700178,0,0,0
RUNTIME_LEAVE,4,18065510.470700443,0,0,0
MERGED_HEAP,4,18065510.470799267,140576628418480,140577031067984,0
MERGED_HEAP,4,18065510.470804546,140576896852256,140576628418480,0
RUNTIME_ENTER,4,18065510.471032381,0,0,0
HALT_ACK,4,18065510.471032724,0,0,0
RUNTIME_LEAVE,4,18065510.471032914,0,0,0
FINISH,4,18065510.471191119,0,0,0
INIT,5,18065510.319062311,0,0,0
LAUNCH,5,18065510.319827117,0,0,0
THREAD_COPY,5,18065510.320302937,140577316254324,140577240346700,0
RUNTIME_ENTER,5,18065510.320306357,0,0,0
RUNTIME_LEAVE,5,18065510.320307516,0,0,0
THREAD_COPY,5,18065510.320318963,140577314343236,140577240350796,0
RUNTIME_ENTER,5,18065510.320322234,0,0,0
RUNTIME_LEAVE,5,18065510.320323296,0,0,0
RUNTIME_ENTER,5,18065510.320324834,0,0,0
RUNTIME_LEAVE,5,18065510.320330579,0,0,0
RUNTIME_ENTER,5,18065510.320331603,0,0,0
RUNTIME_LEAVE,5,18065510.320337296,0,0,0
RUNTIME_ENTER,5,18065510.325817533,0,0,0
RUNTIME_LEAVE,5,18065510.325824026,0,0,0
RUNTIME_ENTER,5,18065510.330496181,0,0,0
RUNTIME_LEAVE,5,18065510.330501672,0,0,0
RUNTIME_ENTER,5,18065510.336804636,0,0,0
RUNTIME_LEAVE,5,18065510.336811259,0,0,0
RUNTIME_ENTER,5,18065510.341208745,0,0,0
RUNTIME_LEAVE,5,18065510.341215666,0,0,0
THREAD_COPY,5,18065510.344345566,140577314343236,140577240383564,0
RUNTIME_ENTER,5,18065510.344347063,0,0,0
RUNTIME_LEAVE,5,18065510.344347794,0,0,0
RUNTIME_ENTER,5,18065510.344348915,0,0,0
RUNTIME_LEAVE,5,18065510.344357230,0,0,0
RUNTIME_ENTER,5,18065510.344358016,0,0,0
RUNTIME_LEAVE,5,18065510.344361916,0,0,0
RUNTIME_ENTER,5,18065510.349069308,0,0,0
RUNTIME_LEAVE,5,18065510.349077471,0,0,0
RUNTIME_ENTER,5,18065510.353067137,0,0,0
RUNTIME_LEAVE,5,18065510.353071932,0,0,0
RUNTIME_ENTER,5,18065510.356826838,0,0,0
RUNTIME_LEAVE,5,18065510.356833003,0,0,0
RUNTIME_ENTER,5,18065510.361038979,0,0,0
RUNTIME_LEAVE,5,18065510.361044381,0,0,0
RUNTIME_ENTER,5,18065510.364765245,0,0,0
RUNTIME_LEAVE,5,18065510.364771891,0,0,0
RUNTIME_ENTER,5,18065510.368874621,0,0,0
RUNTIME_LEAVE,5,18065510.368879337,0,0,0
RUNTIME_ENTER,5,18065510.372736719,0,0,0
RUNTIME_LEAVE,5,18065510.372741252,0,0,0
THREAD_COPY,5,18065510.374676820,140577314343236,140577240424524,0
RUNTIME_ENTER,5,18065510.374677896,0,0,0
RUNTIME_LEAVE,5,18065510.374678478,0,0,0
RUNTIME_ENTER,5,18065510.374679249,0,0,0
RUNTIME_LEAVE,5,18065510.374683354,0,0,0
RUNTIME_ENTER,5,18065510.374684036,0,0,0
RUNTIME_LEAVE,5,18065510.374687765,0,0,0
RUNTIME_ENTER,5,18065510.374688707,0,0,0
RUNTIME_LEAVE,5,18065510.374696702,0,0,0
RUNTIME_ENTER,5,18065510.378778473,0,0,0
RUNTIME_LEAVE,5,18065510.378785562,0,0,0
RUNTIME_ENTER,5,18065510.382677127,0,0,0
RUNTIME_LEAVE,5,18065510.382683039,0,0,0
RUNTIME_ENTER,5,18065510.385836057,0,0,0
RUNTIME_LEAVE,5,18065510.385843720,0,0,0
RUNTIME_ENTER,5,18065510.389470741,0,0,0
RUNTIME_LEAVE,5,18065510.389480032,0,0,0
RUNTIME_ENTER,5,18065510.392847273,0,0,0
RUNTIME_LEAVE,5,18065510.392853275,0,0,0
RUNTIME_ENTER,5,18065510.396091864,0,0,0
RUNTIME_LEAVE,5,18065510.396100305,0,0,0
RUNTIME_ENTER,5,18065510.399603173,0,0,0
RUNTIME_LEAVE,5,18065510.399604134,0,0,0
RUNTIME_ENTER,5,18065510.402383357,0,0,0
RUNTIME_LEAVE,5,18065510.402401343,0,0,0
RUNTIME_ENTER,5,18065510.405904587,0,0,0
RUNTIME_LEAVE,5,18065510.405911632,0,0,0
RUNTIME_ENTER,5,18065510.408943620,0,0,0
RUNTIME_LEAVE,5,18065510.408952445,0,0,0
RUNTIME_ENTER,5,18065510.412003778,0,0,0
RUNTIME_LEAVE,5,18065510.412010826,0,0,0
RUNTIME_ENTER,5,18065510.415022701,0,0,0
RUNTIME_LEAVE,5,18065510.415036839,0,0,0
THREAD_COPY,5,18065510.415859137,140577314343236,140577239568460,0
RUNTIME_ENTER,5,18065510.415860083,0,0,0
RUNTIME_LEAVE,5,18065510.415860396,0,0,0
RUNTIME_ENTER,5,18065510.415860932,0,0,0
RUNTIME_LEAVE,5,18065510.415865932,0,0,0
RUNTIME_ENTER,5,18065510.415866438,0,0,0
RUNTIME_LEAVE,5,18065510.415870048,0,0,0
RUNTIME_ENTER,5,18065510.419196337,0,0,0
RUNTIME_LEAVE,5,18065510.419200391,0,0,0
MERGED_HEAP,5,18065510.421221059,140576359979024,140576494196992,0
MERGED_HEAP,5,18065510.421224382,140576494195872,140576359979024,0
MERGED_HEAP,5,18065510.421225548,140576359977984,140576494195872,0
MERGED_HEAP,5,18065510.421228491,140577165282112,140576359977984,0
MERGED_HEAP,5,18065510.421232082,20762192,140577165282112,0
THREAD_COPY,5,18065510.421237577,140577314343236,140577239584844,0
RUNTIME_ENTER,5,18065510.421238422,0,0,0
RUNTIME_LEAVE,5,18065510.421238784,0,0,0
RUNTIME_ENTER,5,18065510.421239316,0,0,0
RUNTIME_LEAVE,5,18065510.421242133,0,0,0
RUNTIME_ENTER,5,18065510.421242572,0,0,0
RUNTIME_LEAVE,5,18065510.421245668,0,0,0
RUNTIME_ENTER,5,18065510.424510550,0,0,0
RUNTIME_LEAVE,5,18065510.424514081,0,0,0
RUNTIME_ENTER,5,18065510.427301034,0,0,0
RUNTIME_LEAVE,5,18065510.427325659,0,0,0
THREAD_COPY,5,18065510.429784678,140577314343236,140577239605324,0
RUNTIME_ENTER,5,18065510.429785583,0,0,0
RUNTIME_LEAVE,5,18065510.429785900,0,0,0
RUNTIME_ENTER,5,18065510.429786373,0,0,0
RUNTIME_LEAVE,5,18065510.429789074,0,0,0
RUNTIME_ENTER,5,18065510.430242762,0,0,0
RUNTIME_LEAVE,5,18065510.430247206,0,0,0
THREAD_COPY,5,18065510.431724858,140577314343236,140577239621708,0
RUNTIME_ENTER,5,18065510.431725442,0,0,0
RUNTIME_LEAVE,5,18065510.431725737,0,0,0
RUNTIME_ENTER,5,18065510.431726169,0,0,0
RUNTIME_LEAVE,5,18065510.431729391,0,0,0
THREAD_COPY,5,18065510.432197187,140577314343236,140577239633996,0
RUNTIME_ENTER,5,18065510.432197787,0,0,0
RUNTIME_LEAVE,5,18065510.432198118,0,0,0
MERGED_HEAP,5,18065510.432314575,140577165285872,140576359981024,0
MERGED_HEAP,5,18065510.432316214,140577165285872,140576359980464,0
THREAD_COPY,5,18065510.432321545,140577314343236,140577239642188,0
RUNTIME_ENTER,5,18065510.432322152,0,0,0
RUNTIME_LEAVE,5,18065510.432322450,0,0,0
RUNTIME_ENTER,5,18065510.432322919,0,0,0
RUNTIME_LEAVE,5,18065510.432325754,0,0,0
RUNTIME_ENTER,5,18065510.432779368,0,0,0
RUNTIME_LEAVE,5,18065510.432785660,0,0,0
MERGED_HEAP,5,18065510.435445953,20800496,140576359980464,0
THREAD_COPY,5,18065510.435450636,140577314343236,140577239658572,0
RUNTIME_ENTER,5,18065510.435451388,0,0,0
RUNTIME_LEAVE,5,18065510.435451683,0,0,0
RUNTIME_ENTER,5,18065510.435452197,0,0,0
RUNTIME_LEAVE,5,18065510.435454890,0,0,0
RUNTIME_ENTER,5,18065510.435455378,0,0,0
RUNTIME_LEAVE,5,18065510.435459979,0,0,0
RUNTIME_ENTER,5,18065510.435460601,0,0,0
RUNTIME_LEAVE,5,18065510.435465954,0,0,0
RUNTIME_ENTER,5,18065510.438580927,0,0,0
RUNTIME_LEAVE,5,18065510.438587572,0,0,0
RUNTIME_ENTER,5,18065510.441638380,0,0,0
RUNTIME_LEAVE,5,18065510.441642925,0,0,0
RUNTIME_ENTER,5,18065510.444074091,0,0,0
RUNTIME_LEAVE,5,18065510.444082323,0,0,0
RUNTIME_ENTER,5,18065510.446886484,0,0,0
RUNTIME_LEAVE,5,18065510.446892966,0,0,0
RUNTIME_ENTER,5,18065510.449492969,0,0,0
RUNTIME_LEAVE,5,18065510.449496575,0,0,0
RUNTIME_ENTER,5,18065510.452148601,0,0,0
RUNTIME_LEAVE,5,18065510.452154946,0,0,0
RUNTIME_ENTER,5,18065510.454938736,0,0,0
RUNTIME_LEAVE,5,18065510.454945020,0,0,0
RUNTIME_ENTER,5,18065510.457123674,0,0,0
RUNTIME_LEAVE,5,18065510.457128406,0,0,0
RUNTIME_ENTER,5,18065510.459904838,0,0,0
RUNTIME_LEAVE,5,18065510.459911149,0,0,0
RUNTIME_ENTER,5,18065510.462398782,0,0,0
RUNTIME_LEAVE,5,18065510.462402064,0,0,0
RUNTIME_ENTER,5,18065510.464951348,0,0,0
RUNTIME_LEAVE,5,18065510.464956179,0,0,0
THREAD_COPY,5,18065510.466303665,140577314343236,140577239728204,0
RUNTIME_ENTER,5,18065510.466304474,0,0,0
RUNTIME_LEAVE,5,18065510.466304738,0,0,0
RUNTIME_ENTER,5,18065510.466305260,0,0,0
RUNTIME_LEAVE,5,18065510.466307718,0,0,0
RUNTIME_ENTER,5,18065510.466704320,0,0,0
RUNTIME_LEAVE,5,18065510.466707174,0,0,0
THREAD_COPY,5,18065510.468002666,140577314343236,140577239744588,0
RUNTIME_ENTER,5,18065510.468003344,0,0,0
RUNTIME_LEAVE,5,18065510.468003582,0,0,0
RUNTIME_ENTER,5,18065510.468004033,0,0,0
RUNTIME_LEAVE,5,18065510.468006559,0,0,0
RUNTIME_ENTER,5,18065510.468408637,0,0,0
RUNTIME_LEAVE,5,18065510.468411747,0,0,0
THREAD_COPY,5,18065510.468662374,140577314343236,140577239756876,0
RUNTIME_ENTER,5,18065510.468662605,0,0,0
RUNTIME_LEAVE,5,18065510.468665220,0,0,0
RUNTIME_ENTER,5,18065510.468665928,0,0,0
RUNTIME_LEAVE,5,18065510.468666174,0,0,0
RUNTIME_ENTER,5,18065510.468666527,0,0,0
RUNTIME_LEAVE,5,18065510.468668967,0,0,0
THREAD_COPY,5,18065510.469072714,140577314343236,140577239773260,0
RUNTIME_ENTER,5,18065510.469073366,0,0,0
RUNTIME_LEAVE,5,18065510.469073597,0,0,0
RUNTIME_ENTER,5,18065510.469074059,0,0,0
RUNTIME_LEAVE,5,18065510.469076764,0,0,0
THREAD_COPY,5,18065510.469724249,140577314343236,140577239781452,0
RUNTIME_ENTER,5,18065510.469724942,0,0,0
RUNTIME_LEAVE,5,18065510.469725206,0,0,0
RUNTIME_ENTER,5,18065510.469725672,0,0,0
RUNTIME_LEAVE,5,18065510.469728146,0,0,0
THREAD_COPY,5,18065510.470374934,140577314343236,140577239789644,0
RUNTIME_ENTER,5,18065510.470375583,0,0,0
RUNTIME_LEAVE,5,18065510.470375869,0,0,0
RUNTIME_ENTER,5,18065510.470376235,0,0,0
RUNTIME_LEAVE,5,18065510.470378850,0,0,0
MERGED_HEAP,5,18065510.470724594,140576359984224,140576628419040,0
MERGED_HEAP,5,18065510.470726885,140576359984224,20802896,0
THREAD_COPY,5,18065510.470732298,140577314343236,140577239806028,0
RUNTIME_ENTER,5,18065510.470732942,0,0,0
RUNTIME_LEAVE,5,18065510.470733196,0,0,0
MERGED_HEAP,5,18065510.470836908,140576359981904,140576494195872,0
RUNTIME_ENTER,5,18065510.470987961,0,0,0
HALT_ACK,5,18065510.470988497,0,0,0
RUNTIME_LEAVE,5,18065510.470988698,0,0,0
FINISH,5,18065510.471168112,0,0,0
INIT,6,18065510.319075052,0,0,0
LAUNCH,6,18065510.319826797,0,0,0
THREAD_COPY,6,18065510.320253413,140577316254324,140577240617036,0
RUNTIME_ENTER,6,18065510.320256576,0,0,0
RUNTIME_LEAVE,6,18065510.320257250,0,0,0
THREAD_COPY,6,18065510.320267700,140577314343236,140577240621132,0
RUNTIME_ENTER,6,18065510.320270017,0,0,0
RUNTIME_LEAVE,6,18065510.320270751,0,0,0
RUNTIME_ENTER,6,18065510.320324037,0,0,0
RUNTIME_LEAVE,6,18065510.320329431,0,0,0
RUNTIME_ENTER,6,18065510.320330244,0,0,0
RUNTIME_LEAVE,6,18065510.320335221,0,0,0
RUNTIME_ENTER,6,18065510.320336342,0,0,0
RUNTIME_LEAVE,6,18065510.320345443,0,0,0
RUNTIME_ENTER,6,18065510.325794574,0,0,0
RUNTIME_LEAVE,6,18065510.325799670,0,0,0
RUNTIME_ENTER,6,18065510.331129629,0,0,0
RUNTIME_LEAVE,6,18065510.331134927,0,0,0
RUNTIME_ENTER,6,18065510.337032791,0,0,0
RUNTIME_LEAVE,6,18065510.337038562,0,0,0
RUNTIME_ENTER,6,18065510.341783542,0,0,0
RUNTIME_LEAVE,6,18065510.341788042,0,0,0
RUNTIME_ENTER,6,18065510.346102998,0,0,0
RUNTIME_LEAVE,6,18065510.346115671,0,0,0
RUNTIME_ENTER,6,18065510.350266505,0,0,0
RUNTIME_LEAVE,6,18065510.350271940,0,0,0
RUNTIME_ENTER,6,18065510.354781214,0,0,0
RUNTIME_LEAVE,6,18065510.354786988,0,0,0
RUNTIME_ENTER,6,18065510.358273931,0,0,0
RUNTIME_LEAVE,6,18065510.358278025,0,0,0
RUNTIME_ENTER,6,18065510.362540960,0,0,0
RUNTIME_LEAVE,6,18065510.362548199,0,0,0
RUNTIME_ENTER,6,18065510.366364948,0,0,0
RUNTIME_LEAVE,6,18065510.366370417,0,0,0
RUNTIME_ENTER,6,18065510.370163638,0,0,0
RUNTIME_LEAVE,6,18065510.370170698,0,0,0
RUNTIME_ENTER,6,18065510.373746455,0,0,0
RUNTIME_LEAVE,6,18065510.373750076,0,0,0
RUNTIME_ENTER,6,18065510.377242841,0,0,0
RUNTIME_LEAVE,6,18065510.377249699,0,0,0
RUNTIME_ENTER,6,18065510.380974863,0,0,0
RUNTIME_LEAVE,6,18065510.380981561,0,0,0
RUNTIME_ENTER,6,18065510.384397928,0,0,0
RUNTIME_LEAVE,6,18065510.384401709,0,0,0
RUNTIME_ENTER,6,18065510.387548130,0,0,0
RUNTIME_LEAVE,6,18065510.387551766,0,0,0
RUNTIME_ENTER,6,18065510.391396623,0,0,0
RUNTIME_LEAVE,6,18065510.391401723,0,0,0
RUNTIME_ENTER,6,18065510.394606721,0,0,0
RUNTIME_LEAVE,6,18065510.394610088,0,0,0
RUNTIME_ENTER,6,18065510.397509973,0,0,0
RUNTIME_LEAVE,6,18065510.397514779,0,0,0
THREAD_COPY,6,18065510.401029691,140577314343236,140577240723532,0
RUNTIME_ENTER,6,18065510.401030555,0,0,0
RUNTIME_LEAVE,6,18065510.401031010,0,0,0
RUNTIME_ENTER,6,18065510.401031636,0,0,0
RUNTIME_LEAVE,6,18065510.401034821,0,0,0
RUNTIME_ENTER,6,18065510.401035294,0,0,0
RUNTIME_LEAVE,6,18065510.401038170,0,0,0
RUNTIME_ENTER,6,18065510.404682625,0,0,0
RUNTIME_LEAVE,6,18065510.404685877,0,0,0
RUNTIME_ENTER,6,18065510.407637127,0,0,0
RUNTIME_LEAVE,6,18065510.407643568,0,0,0
RUNTIME_ENTER,6,18065510.410698265,0,0,0
RUNTIME_LEAVE,6,18065510.410698939,0,0,0
RUNTIME_ENTER,6,18065510.413711116,0,0,0
RUNTIME_LEAVE,6,18065510.413726564,0,0,0
THREAD_COPY,6,18065510.415860418,140577314343236,140577239023692,0
RUNTIME_ENTER,6,18065510.415861234,0,0,0
RUNTIME_LEAVE,6,18065510.415861633,0,0,0
RUNTIME_ENTER,6,18065510.415862199,0,0,0
RUNTIME_LEAVE,6,18065510.415866207,0,0,0
RUNTIME_ENTER,6,18065510.415866736,0,0,0
RUNTIME_LEAVE,6,18065510.415873218,0,0,0
RUNTIME_ENTER,6,18065510.419188693,0,0,0
RUNTIME_LEAVE,6,18065510.419192489,0,0,0
RUNTIME_ENTER,6,18065510.421987016,0,0,0
RUNTIME_LEAVE,6,18065510.421991695,0,0,0
RUNTIME_ENTER,6,18065510.424601629,0,0,0
RUNTIME_LEAVE,6,18065510.424604863,0,0,0
RUNTIME_ENTER,6,18065510.427772067,0,0,0
RUNTIME_LEAVE,6,18065510.427775003,0,0,0
MERGED_HEAP,6,18065510.429762468,140576762632528,20799136,0
THREAD_COPY,6,18065510.429769535,140577314343236,140577239052364,0
RUNTIME_ENTER,6,18065510.429770131,0,0,0
RUNTIME_LEAVE,6,18065510.429770432,0,0,0
RUNTIME_ENTER,6,18065510.429770924,0,0,0
RUNTIME_LEAVE,6,18065510.429773800,0,0,0
RUNTIME_ENTER,6,18065510.430054314,0,0,0
RUNTIME_LEAVE,6,18065510.430057306,0,0,0
MERGED_HEAP,6,18065510.432890866,140576762628928,140576359979904,0
MERGED_HEAP,6,18065510.432893913,140577165285872,140576762628928,0
MERGED_HEAP,6,18065510.432896581,140576628413040,140577165285872,0
MERGED_HEAP,6,18065510.432898834,140576494193472,140576628413040,0
MERGED_HEAP,6,18065510.432900671,140576494193472,140577165284512,0
THREAD_COPY,6,18065510.432905998,140577314343236,140577239064652,0
RUNTIME_ENTER,6,18065510.432906639,0,0,0
RUNTIME_LEAVE,6,18065510.432906955,0,0,0
RUNTIME_ENTER,6,18065510.432907473,0,0,0
RUNTIME_LEAVE,6,18065510.432910319,0,0,0
RUNTIME_ENTER,6,18065510.433190726,0,0,0
RUNTIME_LEAVE,6,18065510.433193568,0,0,0
THREAD_COPY,6,18065510.435571041,140577314343236,140577239076940,0
RUNTIME_ENTER,6,18065510.435571767,0,0,0
RUNTIME_LEAVE,6,18065510.435572080,0,0,0
RUNTIME_ENTER,6,18065510.435572539,0,0,0
RUNTIME_LEAVE,6,18065510.435575258,0,0,0
MERGED_HEAP,6,18065510.436320417,140577031069024,140576762633328,0
MERGED_HEAP,6,18065510.436322417,140576762632528,140577031069024,0
MERGED_HEAP,6,18065510.436324269,140576628414800,140576762632528,0
MERGED_HEAP,6,18065510.436325692,140576628414800,140577031067984,0
MERGED_HEAP,6,18065510.436327126,140577031065824,140576628414800,0
THREAD_COPY,6,18065510.436331671,140577314343236,140577239089228,0
RUNTIME_ENTER,6,18065510.436332311,0,0,0
RUNTIME_LEAVE,6,18065510.436332595,0,0,0
RUNTIME_ENTER,6,18065510.436333150,0,0,0
RUNTIME_LEAVE,6,18065510.436335806,0,0,0
RUNTIME_ENTER,6,18065510.436336204,0,0,0
RUNTIME_LEAVE,6,18065510.436340135,0,0,0
RUNTIME_ENTER,6,18065510.436340719,0,0,0
RUNTIME_LEAVE,6,18065510.436346341,0,0,0
RUNTIME_ENTER,6,18065510.439453118,0,0,0
RUNTIME_LEAVE,6,18065510.439457584,0,0,0
RUNTIME_ENTER,6,18065510.442467935,0,0,0
RUNTIME_LEAVE,6,18065510.442474410,0,0,0
RUNTIME_ENTER,6,18065510.444910374,0,0,0
RUNTIME_LEAVE,6,18065510.444915410,0,0,0
RUNTIME_ENTER,6,18065510.447715394,0,0,0
RUNTIME_LEAVE,6,18065510.447718140,0,0,0
RUNTIME_ENTER,6,18065510.450322565,0,0,0
RUNTIME_LEAVE,6,18065510.450325262,0,0,0
RUNTIME_ENTER,6,18065510.452973604,0,0,0
RUNTIME_LEAVE,6,18065510.452978138,0,0,0
RUNTIME_ENTER,6,18065510.455716871,0,0,0
RUNTIME_LEAVE,6,18065510.455719467,0,0,0
RUNTIME_ENTER,6,18065510.457895841,0,0,0
RUNTIME_LEAVE,6,18065510.457900409,0,0,0
RUNTIME_ENTER,6,18065510.460681349,0,0,0
RUNTIME_LEAVE,6,18065510.460687604,0,0,0
RUNTIME_ENTER,6,18065510.463171020,0,0,0
RUNTIME_LEAVE,6,18065510.463173795,0,0,0
RUNTIME_ENTER,6,18065510.465686835,0,0,0
RUNTIME_LEAVE,6,18065510.465695389,0,0,0
RUNTIME_ENTER,6,18065510.468075775,0,0,0
RUNTIME_LEAVE,6,18065510.468080338,0,0,0
MERGED_HEAP,6,18065510.468726967,140576762632528,20801296,0
MERGED_HEAP,6,18065510.468729574,140576628413040,140576762632528,0
THREAD_COPY,6,18065510.468735442,140577314343236,140577239162956,0
RUNTIME_ENTER,6,18065510.468736183,0,0,0
RUNTIME_LEAVE,6,18065510.468736447,0,0,0
RUNTIME_ENTER,6,18065510.468736831,0,0,0
RUNTIME_LEAVE,6,18065510.468739495,0,0,0
THREAD_COPY,6,18065510.468988229,140577314343236,140577239171148,0
RUNTIME_ENTER,6,18065510.468988784,0,0,0
RUNTIME_LEAVE,6,18065510.468989026,0,0,0
MERGED_HEAP,6,18065510.469086632,140577031067984,140576762634528,0
MERGED_HEAP,6,18065510.469088562,140577031067984,140576359981904,0
MERGED_HEAP,6,18065510.469090838,20803616,140577031067984,0
MERGED_HEAP,6,18065510.469092984,140577165287312,20803616,0
THREAD_COPY,6,18065510.469096921,140577314343236,140577239179340,0
RUNTIME_ENTER,6,18065510.469097555,0,0,0
RUNTIME_LEAVE,6,18065510.469097819,0,0,0
RUNTIME_ENTER,6,18065510.469098218,0,0,0
RUNTIME_LEAVE,6,18065510.469100606,0,0,0
RUNTIME_ENTER,6,18065510.469346035,0,0,0
RUNTIME_LEAVE,6,18065510.469348416,0,0,0
THREAD_COPY,6,18065510.470694602,140577314343236,140577239191628,0
RUNTIME_ENTER,6,18065510.470695268,0,0,0
RUNTIME_LEAVE,6,18065510.470695548,0,0,0
RUNTIME_ENTER,6,18065510.470695864,0,0,0
RUNTIME_LEAVE,6,18065510.470698711,0,0,0
THREAD_COPY,6,18065510.470796771,140577314343236,140577239199820,0
RUNTIME_ENTER,6,18065510.470797267,0,0,0
RUNTIME_LEAVE,6,18065510.470797528,0,0,0
MERGED_HEAP,6,18065510.470895480,20805216,140576762635728,0
MERGED_HEAP,6,18065510.470901724,140577031072064,20805216,0
MERGED_HEAP,6,18065510.470904436,140577031072064,140576896852256,0
MERGED_HEAP,6,18065510.470906712,140577031072064,140576359984224,0
RUNTIME_ENTER,6,18065510.470924836,0,0,0
RUNTIME_LEAVE,6,18065510.470927529,0,0,0
RUNTIME_ENTER,6,18065510.470985353,0,0,0
HALT_ACK,6,18065510.470985647,0,0,0
RUNTIME_LEAVE,6,18065510.470985863,0,0,0
FINISH,6,18065510.471145511,0,0,0
INIT,7,18065510.319092430,0,0,0
LAUNCH,7,18065510.319826066,0,0,0
THREAD_COPY,7,18065510.320253659,140577316254324,140577240887372,0
RUNTIME_ENTER,7,18065510.320256338,0,0,0
RUNTIME_LEAVE,7,18065510.320257027,0,0,0
THREAD_COPY,7,18065510.320307482,140577314343236,140577240891468,0
RUNTIME_ENTER,7,18065510.320310395,0,0,0
RUNTIME_LEAVE,7,18065510.320311148,0,0,0
RUNTIME_ENTER,7,18065510.320312381,0,0,0
RUNTIME_LEAVE,7,18065510.320318367,0,0,0
RUNTIME_ENTER,7,18065510.320319641,0,0,0
RUNTIME_LEAVE,7,18065510.320324801,0,0,0
RUNTIME_ENTER,7,18065510.320325751,0,0,0
RUNTIME_LEAVE,7,18065510.320335515,0,0,0
RUNTIME_ENTER,7,18065510.325786240,0,0,0
RUNTIME_LEAVE,7,18065510.325791556,0,0,0
RUNTIME_ENTER,7,18065510.331119597,0,0,0
RUNTIME_LEAVE,7,18065510.331124675,0,0,0
RUNTIME_ENTER,7,18065510.337242205,0,0,0
RUNTIME_LEAVE,7,18065510.337247800,0,0,0
RUNTIME_ENTER,7,18065510.341994047,0,0,0
RUNTIME_LEAVE,7,18065510.341998629,0,0,0
RUNTIME_ENTER,7,18065510.346400894,0,0,0
RUNTIME_LEAVE,7,18065510.346413422,0,0,0
RUNTIME_ENTER,7,18065510.350742616,0,0,0
RUNTIME_LEAVE,7,18065510.350752238,0,0,0
RUNTIME_ENTER,7,18065510.355289225,0,0,0
RUNTIME_LEAVE,7,18065510.355296783,0,0,0
MERGED_HEAP,7,18065510.357090071,140577031064384,140576359975744,0
THREAD_COPY,7,18065510.357102241,140577314343236,140577240944716,0
RUNTIME_ENTER,7,18065510.357103787,0,0,0
RUNTIME_LEAVE,7,18065510.357104372,0,0,0
RUNTIME_ENTER,7,18065510.357105233,0,0,0
RUNTIME_LEAVE,7,18065510.357109159,0,0,0
RUNTIME_ENTER,7,18065510.357109766,0,0,0
RUNTIME_LEAVE,7,18065510.357113387,0,0,0
RUNTIME_ENTER,7,18065510.361716039,0,0,0
RUNTIME_LEAVE,7,18065510.361720040,0,0,0
RUNTIME_ENTER,7,18065510.365442842,0,0,0
RUNTIME_LEAVE,7,18065510.365448449,0,0,0
RUNTIME_ENTER,7,18065510.368930098,0,0,0
RUNTIME_LEAVE,7,18065510.368934799,0,0,0
RUNTIME_ENTER,7,18065510.373137008,0,0,0
RUNTIME_LEAVE,7,18065510.373140819,0,0,0
RUNTIME_ENTER,7,18065510.376633201,0,0,0
RUNTIME_LEAVE,7,18065510.376637425,0,0,0
RUNTIME_ENTER,7,18065510.380511787,0,0,0
RUNTIME_LEAVE,7,18065510.380515598,0,0,0
RUNTIME_ENTER,7,18065510.384374484,0,0,0
RUNTIME_LEAVE,7,18065510.384378649,0,0,0
MERGED_HEAP,7,18065510.386303607,140576628411200,140577031065824,0
MERGED_HEAP,7,18065510.386305962,20762192,140576628411200,0
THREAD_COPY,7,18065510.386312984,140577314343236,140577240989772,0
RUNTIME_ENTER,7,18065510.386313949,0,0,0
RUNTIME_LEAVE,7,18065510.386314351,0,0,0
RUNTIME_ENTER,7,18065510.386314984,0,0,0
RUNTIME_LEAVE,7,18065510.386318322,0,0,0
RUNTIME_ENTER,7,18065510.386318874,0,0,0
RUNTIME_LEAVE,7,18065510.386322010,0,0,0
RUNTIME_ENTER,7,18065510.386322774,0,0,0
RUNTIME_LEAVE,7,18065510.386328965,0,0,0
RUNTIME_ENTER,7,18065510.390174448,0,0,0
RUNTIME_LEAVE,7,18065510.390175231,0,0,0
RUNTIME_ENTER,7,18065510.393955603,0,0,0
RUNTIME_LEAVE,7,18065510.393970478,0,0,0
RUNTIME_ENTER,7,18065510.397110768,0,0,0
RUNTIME_LEAVE,7,18065510.397123922,0,0,0
RUNTIME_ENTER,7,18065510.400556024,0,0,0
RUNTIME_LEAVE,7,18065510.400559608,0,0,0
RUNTIME_ENTER,7,18065510.403731130,0,0,0
RUNTIME_LEAVE,7,18065510.403735947,0,0,0
RUNTIME_ENTER,7,18065510.406967077,0,0,0
RUNTIME_LEAVE,7,18065510.406970426,0,0,0
RUNTIME_ENTER,7,18065510.410413504,0,0,0
RUNTIME_LEAVE,7,18065510.410416823,0,0,0
RUNTIME_ENTER,7,18065510.413048696,0,0,0
RUNTIME_LEAVE,7,18065510.413051851,0,0,0
RUNTIME_ENTER,7,18065510.416417908,0,0,0
RUNTIME_LEAVE,7,18065510.416424420,0,0,0
RUNTIME_ENTER,7,18065510.419430774,0,0,0
RUNTIME_LEAVE,7,18065510.419434212,0,0,0
RUNTIME_ENTER,7,18065510.422406811,0,0,0
RUNTIME_LEAVE,7,18065510.422412217,0,0,0
RUNTIME_ENTER,7,18065510.425274000,0,0,0
RUNTIME_LEAVE,7,18065510.425277561,0,0,0
THREAD_COPY,7,18065510.426053949,140577314343236,140577240125516,0
RUNTIME_ENTER,7,18065510.426054861,0,0,0
RUNTIME_LEAVE,7,18065510.426055145,0,0,0
RUNTIME_ENTER,7,18065510.426055681,0,0,0
RUNTIME_LEAVE,7,18065510.426058386,0,0,0
RUNTIME_ENTER,7,18065510.426058803,0,0,0
RUNTIME_LEAVE,7,18065510.426061466,0,0,0
RUNTIME_ENTER,7,18065510.429350652,0,0,0
RUNTIME_LEAVE,7,18065510.429357946,0,0,0
RUNTIME_ENTER,7,18065510.432256393,0,0,0
RUNTIME_LEAVE,7,18065510.432259466,0,0,0
THREAD_COPY,7,18065510.434577655,140577314343236,140577240150092,0
RUNTIME_ENTER,7,18065510.434578318,0,0,0
RUNTIME_LEAVE,7,18065510.434578598,0,0,0
RUNTIME_ENTER,7,18065510.434579112,0,0,0
RUNTIME_LEAVE,7,18065510.434584089,0,0,0
RUNTIME_ENTER,7,18065510.435037438,0,0,0
RUNTIME_LEAVE,7,18065510.435040303,0,0,0
THREAD_COPY,7,18065510.435778961,140577314343236,140577240162380,0
RUNTIME_ENTER,7,18065510.435779642,0,0,0
RUNTIME_LEAVE,7,18065510.435779929,0,0,0
RUNTIME_ENTER,7,18065510.435780406,0,0,0
RUNTIME_LEAVE,7,18065510.435783170,0,0,0
RUNTIME_ENTER,7,18065510.435783576,0,0,0
RUNTIME_LEAVE,7,18065510.435786184,0,0,0
RUNTIME_ENTER,7,18065510.435786661,0,0,0
RUNTIME_LEAVE,7,18065510.435791779,0,0,0
RUNTIME_ENTER,7,18065510.438906588,0,0,0
RUNTIME_LEAVE,7,18065510.438913364,0,0,0
RUNTIME_ENTER,7,18065510.441975117,0,0,0
RUNTIME_LEAVE,7,18065510.441980653,0,0,0
RUNTIME_ENTER,7,18065510.444548059,0,0,0
RUNTIME_LEAVE,7,18065510.444551378,0,0,0
RUNTIME_ENTER,7,18065510.447365880,0,0,0
RUNTIME_LEAVE,7,18065510.447370388,0,0,0
RUNTIME_ENTER,7,18065510.449974835,0,0,0
RUNTIME_LEAVE,7,18065510.449979428,0,0,0
RUNTIME_ENTER,7,18065510.452640403,0,0,0
RUNTIME_LEAVE,7,18065510.452650942,0,0,0
RUNTIME_ENTER,7,18065510.455514465,0,0,0
RUNTIME_LEAVE,7,18065510.455517150,0,0,0
MERGED_HEAP,7,18065510.456662022,140577031069824,140576494195872,0
THREAD_COPY,7,18065510.456666511,140577314343236,140577240215628,0
RUNTIME_ENTER,7,18065510.456667244,0,0,0
RUNTIME_LEAVE,7,18065510.456667531,0,0,0
RUNTIME_ENTER,7,18065510.456667922,0,0,0
RUNTIME_LEAVE,7,18065510.456670526,0,0,0
THREAD_COPY,7,18065510.456930839,140577314343236,140577240223820,0
RUNTIME_ENTER,7,18065510.456931289,0,0,0
RUNTIME_LEAVE,7,18065510.456931558,0,0,0
RUNTIME_ENTER,7,18065510.456931982,0,0,0
RUNTIME_LEAVE,7,18065510.456934415,0,0,0
RUNTIME_ENTER,7,18065510.457603861,0,0,0
RUNTIME_LEAVE,7,18065510.457606502,0,0,0
MERGED_HEAP,7,18065510.458024178,140576896850016,140577031070704,0
MERGED_HEAP,7,18065510.458025515,140577031069824,140576896850016,0
MERGED_HEAP,7,18065510.458026730,140576896846656,140577031069824,0
THREAD_COPY,7,18065510.458030976,140577314343236,140577240240204,0
RUNTIME_ENTER,7,18065510.458031476,0,0,0
RUNTIME_LEAVE,7,18065510.458031736,0,0,0
RUNTIME_ENTER,7,18065510.458032291,0,0,0
RUNTIME_LEAVE,7,18065510.458034731,0,0,0
RUNTIME_ENTER,7,18065510.458706632,0,0,0
RUNTIME_LEAVE,7,18065510.458710924,0,0,0
MERGED_HEAP,7,18065510.459134538,140577165285872,140577031067984,0
THREAD_COPY,7,18065510.459138360,140577314343236,140577240260684,0
RUNTIME_ENTER,7,18065510.459139045,0,0,0
RUNTIME_LEAVE,7,18065510.459139314,0,0,0
RUNTIME_ENTER,7,18065510.459139749,0,0,0
RUNTIME_LEAVE,7,18065510.459142275,0,0,0
RUNTIME_ENTER,7,18065510.459556270,0,0,0
RUNTIME_LEAVE,7,18065510.459560219,0,0,0
THREAD_COPY,7,18065510.462022282,140577314343236,140577240277068,0
RUNTIME_ENTER,7,18065510.462022878,0,0,0
RUNTIME_LEAVE,7,18065510.462023154,0,0,0
RUNTIME_ENTER,7,18065510.462023564,0,0,0
RUNTIME_LEAVE,7,18065510.462026145,0,0,0
RUNTIME_ENTER,7,18065510.462282229,0,0,0
RUNTIME_LEAVE,7,18065510.462284598,0,0,0
THREAD_COPY,7,18065510.464895569,140577314343236,140577240289356,0
RUNTIME_ENTER,7,18065510.464896392,0,0,0
RUNTIME_LEAVE,7,18065510.464896675,0,0,0
RUNTIME_ENTER,7,18065510.464897119,0,0,0
RUNTIME_LEAVE,7,18065510.464899689,0,0,0
RUNTIME_ENTER,7,18065510.465313513,0,0,0
RUNTIME_LEAVE,7,18065510.465316217,0,0,0
MERGED_HEAP,7,18065510.466660731,140576359979984,140577031067984,0
THREAD_COPY,7,18065510.466664888,140577314343236,140577240305740,0
RUNTIME_ENTER,7,18065510.466665108,0,0,0
RUNTIME_LEAVE,7,18065510.466667376,0,0,0
RUNTIME_ENTER,7,18065510.466667958,0,0,0
RUNTIME_LEAVE,7,18065510.466668222,0,0,0
RUNTIME_ENTER,7,18065510.466668643,0,0,0
RUNTIME_LEAVE,7,18065510.466671143,0,0,0
RUNTIME_ENTER,7,18065510.467085045,0,0,0
RUNTIME_LEAVE,7,18065510.467089228,0,0,0
THREAD_COPY,7,18065510.469013058,140577314343236,140577240322124,0
RUNTIME_ENTER,7,18065510.469013672,0,0,0
RUNTIME_LEAVE,7,18065510.469013959,0,0,0
RUNTIME_ENTER,7,18065510.469014369,0,0,0
RUNTIME_LEAVE,7,18065510.469017010,0,0,0
RUNTIME_ENTER,7,18065510.469413839,0,0,0
RUNTIME_LEAVE,7,18065510.469421700,0,0,0
THREAD_COPY,7,18065510.470069371,140577314343236,140577240334412,0
RUNTIME_ENTER,7,18065510.470069911,0,0,0
RUNTIME_LEAVE,7,18065510.470070168,0,0,0
RUNTIME_ENTER,7,18065510.470070526,0,0,0
RUNTIME_LEAVE,7,18065510.470070947,0,0,0
THREAD_COPY,7,18065510.470323756,140577314343236,140577237426252,0
RUNTIME_ENTER,7,18065510.470324371,0,0,0
RUNTIME_LEAVE,7,18065510.470324628,0,0,0
RUNTIME_ENTER,7,18065510.470325068,0,0,0
RUNTIME_LEAVE,7,18065510.470327780,0,0,0
THREAD_COPY,7,18065510.470729765,140577314343236,140577237434444,0
RUNTIME_ENTER,7,18065510.470730398,0,0,0
RUNTIME_LEAVE,7,18065510.470730651,0,0,0
THREAD_COPY,7,18065510.470792521,140577314343236,140577237438540,0
RUNTIME_ENTER,7,18065510.470793072,0,0,0
RUNTIME_LEAVE,7,18065510.470793325,0,0,0
MERGED_HEAP,7,18065510.470853012,140576762635168,140577031072784,0
RUNTIME_ENTER,7,18065510.470991004,0,0,0
HALT_ACK,7,18065510.470991418,0,0,0
RUNTIME_LEAVE,7,18065510.470991608,0,0,0
FINISH,7,18065510.471153170,0,0,0
